0.0	0.0034758741332862574
0.7949949949949949	0.0034758563461880524
1.5899899899899899	0.0034758029852068944
2.384984984984985	0.003475714051283175
3.1799799799799797	0.0034755895459842824
3.974974974974975	0.0034754294715046916
4.76996996996997	0.0034752338306661126
5.5649649649649655	0.0034750026269176563
6.359959959959959	0.0034747358643360594
7.154954954954954	0.003474433547625931
7.94994994994995	0.0034740956821200522
8.744944944944944	0.0034737222737797045
9.53993993993994	0.003473313329195046
10.334934934934934	0.0034728688555855144
11.129929929929931	0.0034723888608002825
11.924924924924925	0.0034718733533187374
12.719919919919919	0.003471322342251011
13.514914914914915	0.0034707358373385396
14.309909909909909	0.0034701138489546647
15.104904904904904	0.0034694563881052715
15.8998998998999	0.0034687634664294616
16.694894894894894	0.0034680350962002678
17.489889889889888	0.003467271290325401
18.284884884884885	0.003466472062348038
19.07987987987988	0.00346563742644764
19.874874874874873	0.003464767397440811
20.669869869869867	0.003463861990782192
21.464864864864865	0.003462921222565391
22.259859859859862	0.003461945109523939
23.054854854854852	0.0034609336690322994
23.84984984984985	0.0034598869191068892
24.644844844844844	0.0034588048784071545
25.439839839839838	0.003457687566236663
26.234834834834835	0.0034565350025442393
27.02982982982983	0.0034553472079251334
27.824824824824823	0.003454124203622215
28.619819819819817	0.003452866011527202
29.414814814814815	0.003451572654181928
30.20980980980981	0.0034502441547796248
31.004804804804802	0.0034488805371662547
31.7997997997998	0.003447481825841854
32.594794794794794	0.0034460480459619224
33.38978978978979	0.0034445792233388276
34.18478478478478	0.0034430753844432484
34.979779779779776	0.0034415365564056427
35.77477477477478	0.003439962767017739
36.56976976976977	0.003438354044734058
37.36476476476476	0.003436710418673464
38.15975975975976	0.003435031918620734
38.95475475475475	0.0034333185750281612
39.749749749749746	0.0034315704190171696
40.54474474474475	0.0034297874823799716
41.339739739739734	0.0034279697975812293
42.13473473473473	0.003426117397759753
42.92972972972973	0.0034242303167302127
43.72472472472472	0.0034223085889848754
44.519719719719724	0.003420352249695364
45.31471471471471	0.003418361334714431
46.109709709709705	0.003416335880577756
46.904704704704706	0.003414275924505763
47.6996996996997	0.0034121815044054504
48.494694694694694	0.0034100526588722404
49.28968968968969	0.0034078894271918512
50.08468468468468	0.003405691849342175
50.879679679679676	0.0034034599659951755
51.67467467467468	0.0034011938185188034
52.46966966966967	0.0033988934489789205
53.26466466466466	0.0033965589001412363
54.05965965965966	0.003394190215473262
54.85465465465465	0.0033917874391462704
55.649649649649646	0.0033893506160372713
56.44464464464465	0.0033868797917309865
57.239639639639634	0.0033843750125218527
58.03463463463463	0.003381836325416009
58.82962962962963	0.003379263778133314
59.62462462462462	0.0033766574191093496
60.41961961961962	0.003374017297497448
61.21461461461461	0.0033713434631707116
62.009609609609605	0.0033686359667240416
62.804604604604606	0.0033658948594761685
63.5995995995996	0.003363120193471689
64.3945945945946	0.003360312021483095
65.18958958958959	0.0033574703970128154
65.98458458458458	0.00335459537429525
66.77957957957958	0.0033516870082988
67.57457457457457	0.003348745354727904
68.36956956956956	0.00334577047002507
69.16456456456457	0.003342762411372898
69.95955955955955	0.0033397212366960997
70.75455455455455	0.0033366470046635177
71.54954954954955	0.0033335397746901336
72.34454454454453	0.0033303996069390736
73.13953953953954	0.0033272265623235982
73.93453453453454	0.003324020702509087
74.72952952952951	0.003320782089915019
75.52452452452452	0.00331751078771693
76.31951951951952	0.003314206859848373
77.11451451451451	0.0033108703710028496
77.9095095095095	0.003307501386635742
78.7045045045045	0.003304099972966222
79.49949949949949	0.003300666196979149
80.29449449449449	0.003297200126426947
81.0894894894895	0.0032937018298314713
81.88448448448447	0.003290171376485847
82.67947947947947	0.0032866088364563
83.47447447447448	0.003283014280583958
84.26946946946946	0.003279387780486635
85.06446446446446	0.0032757294085605988
85.85945945945946	0.003272039237982303
86.65445445445444	0.0032683173427101057
87.44944944944945	0.003264563797485962
88.24444444444444	0.0032607786778370853
89.03943943943945	0.003256962060077593
89.83443443443443	0.0032531140213101105
90.62942942942942	0.0032492346394273567
91.42442442442443	0.003245323993113702
92.21941941941941	0.003241382161846684
93.01441441441442	0.003237409225898509
93.80940940940941	0.0032334052663375015
94.60440440440439	0.0032293703650295444
95.3993993993994	0.0032253046046394618
96.1943943943944	0.0032212080686323838
96.98938938938939	0.003217080841275068
97.78438438438438	0.003212923007637187
98.57937937937938	0.003208734653592577
99.37437437437437	0.0032045158658204472
100.16936936936936	0.0032002667318065574
100.96436436436437	0.003195987339844343
101.75935935935935	0.0031916777790360075
102.55435435435434	0.0031873381392935763
103.34934934934935	0.0031829685113398966
104.14434434434433	0.003178568986709601
104.93933933933934	0.00317413965775003
105.73433433433433	0.0031696806176221
106.52932932932931	0.0031651919603011337
107.32432432432432	0.0031606737805776365
108.11931931931932	0.0031561261740580327
108.91431431431431	0.0031515492371653434
109.7093093093093	0.003146943067139825
110.5043043043043	0.0031423077620395517
111.29929929929929	0.0031376434207409445
112.09429429429429	0.0031329501429392605
112.8892892892893	0.0031282280291490086
113.68428428428427	0.0031234771807043334
114.47927927927927	0.0031186976997593326
115.27427427427428	0.0031138896892883208
116.06926926926926	0.0031090532530860396
116.86426426426426	0.0031041884957678104
117.65925925925926	0.003099295522769632
118.45425425425424	0.003094374440348212
119.24924924924925	0.003089425355580953
120.04424424424424	0.0030844483763658647
120.83923923923923	0.0030794436114214277
121.63423423423423	0.0030744111702863896
122.42922922922922	0.0030693511633195017
123.22422422422423	0.0030642637016991886
124.01921921921921	0.0030591488974231686
124.81421421421422	0.0030540068633079912
125.60920920920921	0.003048837712988526
126.40420420420419	0.0030436415609173765
127.1991991991992	0.003038418522364239
127.9941941941942	0.0030331687134151812
128.7891891891892	0.0030278922509718665
129.58418418418415	0.0030225892527507023
130.37917917917918	0.003017259837281928
131.17417417417417	0.0030119041239086244
131.96916916916916	0.0030065222327856655
132.76416416416416	0.0030011142848785917
133.55915915915915	0.0029956804019624157
134.35415415415414	0.002990220706620355
135.14914914914914	0.0029847353222425036
135.94414414414413	0.0029792243730244142
136.73913913913913	0.002973687983965621
137.53413413413412	0.00296812628086809
138.32912912912914	0.002962539390334583
139.1241241241241	0.002956927439766969
139.9191191191191	0.0029512905573644364
140.7141141141141	0.002945628872121652
141.5091091091091	0.0029399425138268323
142.3041041041041	0.002934231613059743
143.0990990990991	0.002928496301189624
143.8940940940941	0.002922736710373033
144.68908908908907	0.0029169529735516213
145.48408408408406	0.002911145224449823
146.27907907907908	0.002905313597572469
147.07407407407408	0.0028994582282023313
147.86906906906907	0.0028935792523975767
148.66406406406406	0.0028876768069891513
149.45905905905903	0.0028817510295780827
150.25405405405405	0.0028758020585327045
151.04904904904905	0.0028698300329857967
151.84404404404404	0.0028638350928316594
152.63903903903903	0.0028578173787230875
153.43403403403403	0.002851777032068283
154.22902902902902	0.002845714195027676
155.02402402402402	0.0028396290105106767
155.819019019019	0.0028335216221723305
156.614014014014	0.0028273921744099034
157.409009009009	0.0028212408123593903
158.20400400400402	0.0028150676818919293
158.99899899899899	0.0028088729296101497
159.79399399399398	0.0028026567028444247
160.58898898898897	0.0027964191496490497
161.38398398398397	0.0027901604187983427
162.178978978979	0.002783880659782658
162.97397397397398	0.0027775800228043166
163.76896896896895	0.0027712586587734615
164.56396396396394	0.0027649167193038284
165.35895895895894	0.0027585543567084287
166.15395395395396	0.0027521717239951653
166.94894894894895	0.0027457689748623523
167.74394394394395	0.0027393462636941613
168.5389389389389	0.002732903745555981
169.3339339339339	0.0027264415761897045
170.12892892892893	0.0027199599120089246
170.92392392392392	0.002713458910094055
171.71891891891892	0.0027069387281873653
172.5139139139139	0.0027003995246879433
173.30890890890888	0.0026938414586465645
174.1039039039039	0.002687264689760492
174.8988988988989	0.002680669378368193
175.6938938938939	0.0026740556854439688
176.48888888888888	0.0026674237725925107
177.28388388388387	0.0026607738020433796
178.0788788788789	0.002654105936645397
178.87387387387386	0.002647420339860962
179.66886886886886	0.0026407171757602886
180.46386386386385	0.0026339966090155645
181.25885885885884	0.0026272588048950308
182.05385385385387	0.0026205039292569823
182.84884884884886	0.0026137321485436935
183.64384384384383	0.002606943629775265
184.43883883883882	0.0026001385405433866
185.2338338338338	0.002593317049005042
186.02882882882884	0.0025864793238761104
186.82382382382383	0.0025796255344249187
187.61881881881882	0.0025727558504657004
188.4138138138138	0.0025658704423519828
189.20880880880878	0.002558969480969909
190.0038038038038	0.002552053137731472
190.7987987987988	0.0025451215845676825
191.5937937937938	0.002538174993921665
192.3887887887888	0.002531213538741678
193.18378378378375	0.0025242373924740597
193.97877877877877	0.0025172467290561075
194.77377377377377	0.0025102417229088837
195.56876876876876	0.0025032225489299504
196.36376376376376	0.002496189382486031
197.15875875875875	0.0024891423994056108
197.95375375375374	0.0024820817759714613
198.74874874874874	0.002475007688913099
199.54374374374373	0.0024679203153991744
200.33873873873873	0.0024608198330298013
201.13373373373372	0.0024537064198288053
201.92872872872874	0.0024465802542359256
202.7237237237237	0.0024394415150989367
203.5187187187187	0.002432290381665708
204.3137137137137	0.002425127033576211
205.1087087087087	0.0024179516508544465
205.9037037037037	0.0024107644139003273
206.6986986986987	0.002403565503481482
207.49369369369367	0.0023963551007250153
208.28868868868867	0.0023891333871091927
209.08368368368366	0.0023819005444550793
209.87867867867868	0.00237465675491811
210.67367367367368	0.0023674022009796108
211.46866866866867	0.0023601370654382546
212.26366366366366	0.0023528615314014683
213.05865865865863	0.002345575782276783
213.85365365365365	0.0023382800017631286
214.64864864864865	0.002330974373842073
215.44364364364364	0.0023236590827690165
216.23863863863863	0.002316334313064324
217.03363363363363	0.002309000249504418
217.82862862862862	0.0023016570771128087
218.62362362362362	0.002294304981151091
219.4186186186186	0.002286944147109879
220.2136136136136	0.002279574760699699
221.0086086086086	0.002272197007841839
221.80360360360362	0.00226481107465915
222.59859859859858	0.0022574171474668064
223.39359359359358	0.002250015412763014
224.18858858858857	0.0022426060572196885
224.98358358358357	0.0022351892676730828
225.7785785785786	0.0022277652311143816
226.57357357357358	0.0022203341346802474
227.36856856856855	0.0022128961656433382
228.16356356356354	0.0022054515114027814
228.95855855855854	0.0021980003594746136
229.75355355355356	0.0021905428974821825
230.54854854854855	0.002183079313146523
231.34354354354355	0.0021756097942766898
232.1385385385385	0.002168134528760062
232.9335335335335	0.00216065370455262
233.72852852852853	0.0021531675096691876
234.52352352352352	0.002145676132173646
235.31851851851852	0.002138179760169128
236.1135135135135	0.002130678581788167
236.90850850850848	0.0021231727851828445
237.7035035035035	0.002115662558514892
238.4984984984985	0.0021081480899457815
239.2934934934935	0.0021006295676267933
240.08848848848848	0.002093107179689054
240.88348348348347	0.0020855811142335657
241.67847847847847	0.0020780515593212074
242.47347347347346	0.002070518702962724
243.26846846846846	0.002062982733108696
244.06346346346345	0.0020554438376394948
244.85845845845844	0.002047902204355225
245.65345345345347	0.0020403580209656475
246.44844844844846	0.0020328114750801014
247.24344344344343	0.002025262754197402
248.03843843843842	0.0020177120456957402
248.8334334334334	0.002010159536822566
249.62842842842844	0.002002605414684468
250.42342342342343	0.00199504986623705
251.21841841841842	0.001987493078274791
252.0134134134134	0.0019799352374209136
252.80840840840838	0.001972376530117245
253.6034034034034	0.0019648171426140744
254.3983983983984	0.0019572572609600145
255.1933933933934	0.0019496970709918572
255.9883883883884	0.00194213675832444
256.78338338338335	0.0019345765083405068
257.5783783783784	0.0019270165061805805
258.37337337337334	0.0019194569367328347
259.1683683683683	0.001911897984622979
259.9633633633634	0.0019043398342041434
260.75835835835835	0.0018967826695467818
261.5533533533534	0.0018892266744285771
262.34834834834834	0.0018816720323243622
263.14334334334336	0.0018741189263960533
263.9383383383383	0.001866567539482597
264.7333333333333	0.0018590180540899292
265.5283283283283	0.0018514706523809564
266.3233233233233	0.0018439255161655465
267.1183183183183	0.0018363828268905462
267.9133133133133	0.0018288427656298115
268.7083083083083	0.0018213055130742635
269.5033033033033	0.0018137712495219615
270.2982982982983	0.0018062401548682057
271.0932932932933	0.0017987124085956582
271.88828828828827	0.0017911881897644925
272.6832832832833	0.0017836676770025702
273.47827827827825	0.0017761510484956412
274.2732732732732	0.0017686384819775812
275.06826826826824	0.0017611301547206483
275.86326326326326	0.0017536262435257808
276.6582582582583	0.0017461269247129238
277.45325325325325	0.0017386323741113829
278.2482482482482	0.0017311427670502243
279.04324324324324	0.0017236582783487025
279.8382382382382	0.0017161790823067272
280.6332332332332	0.0017087053526953658
281.4282282282282	0.0017012372627473928
282.2232232232232	0.0016937749851478668
283.0182182182182	0.0016863186920247604
283.8132132132132	0.0016788685549396264
284.6082082082082	0.0016714247448783102
285.4032032032032	0.0016639874322417025
286.1981981981982	0.0016565567868365432
286.9931931931932	0.0016491329778662673
287.7881881881882	0.0016417161739219028
288.58318318318317	0.0016343065429730113
289.37817817817813	0.0016269042523586882
290.17317317317315	0.0016195094687786005
290.9681681681681	0.0016121223582840898
291.7631631631632	0.0016047430862693183
292.55815815815816	0.0015973718174624753
293.35315315315313	0.001590008715917033
294.14814814814815	0.0015826540051625967
294.9431431431431	0.0015753083130248405
295.73813813813814	0.0015679718924596568
296.5331331331331	0.0015606448962550456
297.3281281281281	0.0015533274765834896
298.1231231231231	0.0015460197849925656
298.91811811811806	0.0015387219723956224
299.71311311311314	0.001531434189062532
300.5081081081081	0.001524156584610512
301.3031031031031	0.0015168893079950088
302.0980980980981	0.0015096325075006657
302.89309309309306	0.0015023863307323507
303.6880880880881	0.0014951509246062717
304.48308308308305	0.001487926435341151
305.27807807807807	0.0014807130084494877
306.07307307307303	0.0014735107887288888
306.86806806806806	0.0014663199202534817
307.6630630630631	0.0014591405463653968
308.45805805805804	0.001451972809666345
309.25305305305307	0.00144481685200925
310.04804804804803	0.0014376728144899875
310.84304304304305	0.001430540837439183
311.638038038038	0.0014234210604141084
312.433033033033	0.0014163136221906486
313.228028028028	0.0014092186607553602
314.023023023023	0.0014021363132976086
314.818018018018	0.0013950667162017942
315.613013013013	0.001388010005039659
316.40800800800804	0.0013809663145626875
317.203003003003	0.0013739357786945827
317.99799799799797	0.0013669185305238436
318.792992992993	0.0013599147022964185
319.58798798798796	0.001352924425408456
320.382982982983	0.0013459478303991404
321.17797797797795	0.0013389850469436202
321.97297297297297	0.001332036203846025
322.76796796796793	0.001325101429032577
323.56296296296296	0.0013181808495447906
324.357957957958	0.0013112745915327692
325.15295295295294	0.0013043827802485886
325.94794794794797	0.0012975055400397837
326.74294294294293	0.001290642994342917
327.5379379379379	0.001283795265677255
328.3329329329329	0.0012769624756385272
329.1279279279279	0.0012701447448927941
329.9229229229229	0.0012633421931703974
330.7179179179179	0.001256554939260017
331.51291291291295	0.0012497831010028224
332.3079079079079	0.0012430267952867236
333.1029029029029	0.0012362861380407098
333.8978978978979	0.001229561244229301
334.69289289289287	0.0012228522278470893
335.4878878878879	0.0012161592019133824
336.28288288288286	0.0012094822784669444
337.0778778778778	0.0012028215685608399
337.87287287287285	0.0011961771822573755
338.6678678678678	0.0011895492286231417
339.4628628628629	0.0011829378157241588
340.25785785785786	0.0011763430506211198
341.0528528528529	0.001169765039364738
341.84784784784785	0.0011632038869911945
342.6428428428428	0.0011566596975176877
343.43783783783783	0.0011501325739380857
344.2328328328328	0.001143622618218682
345.0278278278278	0.0011371299312940507
345.8228228228228	0.0011306546130630086
346.61781781781775	0.0011241967623846739
347.41281281281283	0.0011177564770746377
348.2078078078078	0.00111133385390123
349.0028028028028	0.001104928988581893
349.7977977977978	0.0010985419757796576
350.5927927927928	0.0010921729090997232
351.3877877877878	0.0010858218810861412
352.18278278278274	0.0010794889832186046
352.97777777777776	0.0010731743059093355
353.7727727727727	0.0010668779385000857
354.56776776776775	0.0010605999692592308
355.36276276276277	0.0010543404853789785
356.1577577577578	0.001048099572972673
356.95275275275276	0.0010418773170722065
357.7477477477477	0.0010356738016255383
358.54274274274275	0.0010294891094943099
359.3377377377377	0.001023323322451571
360.13273273273273	0.001017176521179607
360.9277277277277	0.0010110487852678686
361.72272272272266	0.001004940193211009
362.5177177177177	0.0009988508224070196
363.3127127127127	0.0009927807491554748
364.10770770770773	0.0009867300486558768
364.9027027027027	0.0009806987950061032
365.6976976976977	0.0009746870612009589
366.4926926926927	0.0009686949191308322
367.28768768768765	0.0009627224395804508
368.0826826826827	0.0009567696922277434
368.87767767767764	0.0009508367456427997
369.67267267267266	0.0009449236672869377
370.4676676676676	0.0009390305235118678
371.26266266266265	0.0009331573795589616
372.05765765765767	0.0009273042995586233
372.85265265265264	0.0009214713465297568
373.64764764764766	0.0009156585823793383
374.4426426426426	0.00090986606790209
375.23763763763765	0.00090409386278025
376.0326326326326	0.0008983420255834464
376.8276276276276	0.0008926106137686667
377.6226226226226	0.0008868996836803308
378.41761761761757	0.0008812092905504603
379.21261261261265	0.0008755394884989448
380.0076076076076	0.0008698903305339124
380.8026026026026	0.0008642618685521895
381.5975975975976	0.0008586541533398657
382.39259259259256	0.00085306723457295
383.1875875875876	0.0008475011608181277
383.98258258258255	0.0008419559795336087
384.7775775775776	0.0008364317370700777
385.57257257257254	0.0008309284786717329
386.3675675675675	0.0008254462484774234
387.1625625625626	0.0008199850895218801
387.95755755755755	0.000814545043737041
388.7525525525526	0.0008091261519534664
389.54754754754754	0.0008037284539018502
390.34254254254256	0.0007983519882146234
391.1375375375375	0.0007929967924276461
391.9325325325325	0.0007876629029819939
392.7275275275275	0.000782350355225833
393.5225225225225	0.0007770591834163863
394.3175175175175	0.0007717894207219871
395.1125125125125	0.000766541099224222
395.9075075075075	0.0007613142499201693
396.7025025025025	0.0007561089027247079
397.4974974974975	0.0007509250864729328
398.2924924924925	0.0007457628289226431
399.08748748748746	0.0007406221567569224
399.8824824824825	0.000735503095586802
400.67747747747745	0.0007304056699540096
401.4724724724724	0.0007253299033337999
402.26746746746744	0.0007202758181378711
403.06246246246246	0.0007152434357173611
403.8574574574575	0.0007102327763659281
404.65245245245245	0.00070524385932291
405.4474474474474	0.0007002767027765645
406.24244244244244	0.0006953313238673901
407.0374374374374	0.0006904077386915272
407.8324324324324	0.000685505962304232
408.6274274274274	0.0006806260087234339
409.4224224224224	0.0006757678909333681
410.2174174174174	0.0006709316208882807
411.01241241241235	0.000666117209516214
411.8074074074074	0.0006613246667228636
412.6024024024024	0.0006565540013955097
413.3973973973974	0.0006518052214070219
414.1923923923924	0.0006470783336199351
414.98738738738734	0.0006423733438905975
415.78238238238237	0.0006376902570733909
416.57737737737733	0.000633029077025017
417.37237237237235	0.0006283898066088574
418.1673673673673	0.0006237724476993973
418.96236236236234	0.0006191770011867197
419.75735735735736	0.000614603466981066
420.55235235235233	0.0006100518440174612
421.34734734734735	0.0006055221302604037
422.1423423423423	0.0006010143227086217
422.93733733733734	0.0005965284173998913
423.7323323323323	0.0005920644094159159
424.5273273273273	0.0005876222928872692
425.3223223223223	0.0005832020609983986
426.11731731731726	0.0005788037059926878
426.9123123123123	0.0005744272191775799
427.7073073073073	0.0005700725909297559
428.5023023023023	0.0005657398107003737
429.2972972972973	0.0005614288670203626
430.09229229229226	0.0005571397475057717
430.8872872872873	0.0005528724388631763
431.68228228228224	0.0005486269268951339
432.47727727727727	0.0005444031965056982
433.27227227227223	0.000540201231705981
434.06726726726725	0.0005360210156197675
434.8622622622622	0.0005318625304891816
435.65725725725724	0.0005277257576803987
436.45225225225226	0.0005236106776894137
437.24724724724723	0.0005195172701478457
438.04224224224225	0.000515445513828799
438.8372372372372	0.0005113953866527664
439.6322322322322	0.0005073668656935771
440.4272272272272	0.0005033599271843895
441.2222222222222	0.0004993745465237269
442.0172172172172	0.0004954106982815552
442.81221221221216	0.0004914683562054037
443.60720720720724	0.0004875474932265233
444.4022022022022	0.0004836480814660869
445.19719719719717	0.00047977009224142795
445.9921921921922	0.00047591349607231556
446.78718718718716	0.00047207826268726817
447.5821821821822	0.0004682643610299018
448.37717717717715	0.00046447175926531457
449.1721721721721	0.000460700424786504
449.96716716716713	0.0004569503242208195
450.7621621621621	0.0004532214234364447
451.5571571571572	0.000449513687548914
452.35215215215214	0.00044582708092765714
453.14714714714717	0.00044216156720257554
453.94214214214213	0.000438517109270646
454.7371371371371	0.00043489366930255305
455.5321321321321	0.0004312912087493472
456.3271271271271	0.0004277096883491307
457.1221221221221	0.0004241490681337681
457.9171171171171	0.00042060930743562016
458.7121121121121	0.000417090364894302
459.5071071071071	0.0004135921984634632
460.3021021021021	0.00041011476541759215
461.0970970970971	0.0004066580223588352
461.89209209209207	0.0004032219252238424
462.6870870870871	0.00039980642929062746
463.48208208208206	0.0003964114891854492
464.277077077077	0.0003930370588897072
465.07207207207205	0.00038968309174685603
465.867067067067	0.0003863495404693339
466.66206206206203	0.0003830363571455064
467.45705705705706	0.0003797434932466241
468.2520520520521	0.00037647089963379287
469.04704704704704	0.00037321852656495573
469.842042042042	0.00036998632370188685
470.63703703703703	0.00036677424011719544
471.432032032032	0.00036358222430134
472.227027027027	0.00036041022416964956
473.022022022022	0.00035725818706935377
473.81701701701695	0.00035412605978662104
474.612012012012	0.00035101378855360095
475.407007007007	0.0003479213190554732
476.202002002002	0.000344848596437501
476.996996996997	0.00034179556531208804
477.791991991992	0.000338762169765838
478.586986986987	0.00033574835336661806
479.38198198198194	0.0003327540591706206
480.17697697697696	0.000329779229729428
480.9719719719719	0.0003268238070970766
481.76696696696695	0.0003238877328371192
482.5619619619619	0.0003209709480296856
483.35695695695694	0.00031807339327854167
484.15195195195196	0.000315195008718144
484.9469469469469	0.0003123357340206903
485.74194194194195	0.00030949550840316637
486.5369369369369	0.0003066742706343856
487.33193193193193	0.0003038719590420234
488.1269269269269	0.0003010885115196443
488.92192192192186	0.00029832386553372073
489.7169169169169	0.00029557795813064307
490.51191191191185	0.00029285072594372244
491.30690690690693	0.0002901421052001798
492.1019019019019	0.00028745203172812837
492.8968968968969	0.0002847804409635412
493.6918918918919	0.00028212726795720874
494.48688688688685	0.0002794924473816835
495.2818818818819	0.00027687591353820965
496.07687687687684	0.0002742776003636399
496.87187187187186	0.0002716974414373376
497.6668668668668	0.0002691353699880621
498.4618618618618	0.0002665913189008388
499.25685685685687	0.00026406522072381207
500.05185185185184	0.0002615570076750826
500.84684684684686	0.0002590666116495221
501.6418418418418	0.0002565939642255739
502.43683683683685	0.00025413899667203136
503.2318318318318	0.0002517016399547986
504.0268268268268	0.00024928182474362795
504.8218218218218	0.000246879481418838
505.61681681681677	0.00024449454007800987
506.4118118118118	0.00024212693054265956
507.2068068068068	0.0002397765823648899
508.0018018018018	0.0002374434248340159
508.7967967967968	0.00023512738698316842
509.59179179179176	0.00023282839759587222
510.3867867867868	0.00023054638521259843
511.18178178178175	0.00022828127813729205
511.9767767767768	0.00022603300444387227
512.7717717717717	0.00022380149198270705
513.5667667667667	0.00022158666838705904
514.3617617617617	0.0002193884610795046
515.1567567567567	0.00021720679727832396
515.9517517517517	0.00021504160400386254
516.7467467467467	0.00021289280808486335
517.5417417417417	0.0002107603361647682
518.3367367367366	0.00020864411470799044
519.1317317317317	0.0002065440700061548
519.9267267267268	0.000204460128184309
520.7217217217218	0.000202392215207099
521.5167167167167	0.00020034025688491633
522.3117117117117	0.00019830417888001058
523.1067067067067	0.0001962839067125699
523.9017017017017	0.00019427936576676705
524.6966966966967	0.00019229048129677163
525.4916916916917	0.0001903171784327292
526.2866866866867	0.00018835938218670403
527.0816816816816	0.00018641701745858788
527.8766766766767	0.0001844900090419728
528.6716716716717	0.00018257828162998826
529.4666666666666	0.00018068175982110152
530.2616616616616	0.00017880036812488204
531.0566566566566	0.0001769340309677287
531.8516516516517	0.00017508267269855944
532.6466466466466	0.00017324621759446355
533.4416416416416	0.0001714245898663158
534.2366366366366	0.00016961771366435222
535.0316316316316	0.00016782551308370725
535.8266266266266	0.00016604791216991236
536.6216216216217	0.00016428483492435467
537.4166166166166	0.00016253620530969634
538.2116116116116	0.00016080194725525448
539.0066066066066	0.0001590819846623406
539.8016016016016	0.0001573762414095596
540.5965965965966	0.00015568464135806833
541.3915915915916	0.00015400710835679313
542.1865865865866	0.0001523435662476061
542.9815815815815	0.00015069393887046065
543.7765765765765	0.0001490581500684842
544.5715715715716	0.00014743612369303008
545.3665665665666	0.00014582778360868687
546.1615615615615	0.00014423305369824573
546.9565565565565	0.00014265185786762493
547.7515515515515	0.00014108412005075176
548.5465465465464	0.00013952976421440194
549.3415415415415	0.00013798871436299527
550.1365365365365	0.0001364608945433487
550.9315315315316	0.0001349462288493856
551.7265265265265	0.00013344464142680192
552.5215215215215	0.00013195605647768773
553.3165165165166	0.00013048039826510607
554.1115115115115	0.0001290175911176267
554.9065065065065	0.00012756755943381663
555.7015015015015	0.0001261302276866855
556.4964964964964	0.00012470552042808772
557.2914914914915	0.0001232933622930787
558.0864864864865	0.00012189367800422769
558.8814814814815	0.0001205063923758853
559.6764764764764	0.00011913143031840664
560.4714714714714	0.00011776871684232888
561.2664664664665	0.00011641817706250472
562.0614614614614	0.00011507973620219028
562.8564564564564	0.00011375331959708806
563.6514514514514	0.00011243885269934506
564.4464464464464	0.00011113626108150479
565.2414414414413	0.00010984547044041536
566.0364364364364	0.00010856640660109134
566.8314314314315	0.00010729899552053005
567.6264264264264	0.0001060431632914846
568.4214214214214	0.00010479883614618804
569.2164164164165	0.00010356594046003543
570.0114114114115	0.00010234440275521878
570.8064064064064	0.00010113414970431741
571.6014014014014	9.993510813384209e-05
572.3963963963964	9.87472050277349e-05
573.1913913913913	9.757036753082285e-05
573.9863863863864	9.640452295222652e-05
574.7813813813814	9.524959876872363e-05
575.5763763763764	9.410552262806707e-05
576.3713713713713	9.297222235225761e-05
577.1663663663663	9.184962594077193e-05
577.9613613613614	9.073766157374497e-05
578.7563563563563	8.963625761510775e-05
579.5513513513513	8.854534261567964e-05
580.3463463463463	8.746484531621617e-05
581.1413413413412	8.639469465041191e-05
581.9363363363362	8.533481974785824e-05
582.7313313313314	8.428514993695654e-05
583.5263263263264	8.32456147477879e-05
584.3213213213213	8.221614391493596e-05
585.1163163163163	8.119666738026733e-05
585.9113113113114	8.018711529566736e-05
586.7063063063063	7.9187418025731e-05
587.5013013013013	7.819750615041033e-05
588.2962962962963	7.721731046761753e-05
589.0912912912913	7.624676199578474e-05
589.8862862862862	7.528579197637913e-05
590.6812812812813	7.43343318763758e-05
591.4762762762763	7.33923133906859e-05
592.2712712712712	7.245966844454236e-05
593.0662662662662	7.153632919584195e-05
593.8612612612612	7.062222803744464e-05
594.6562562562563	6.971729759942995e-05
595.4512512512512	6.882147075131099e-05
596.2462462462462	6.793468060420505e-05
597.0412412412412	6.70568605129631e-05
597.8362362362361	6.618794407825604e-05
598.6312312312313	6.53278651486195e-05
599.4262262262263	6.447655782245686e-05
600.2212212212213	6.363395645000011e-05
601.0162162162162	6.279999563522987e-05
601.8112112112112	6.197461023775368e-05
602.6062062062063	6.115773537464357e-05
603.4012012012012	6.034930642223245e-05
604.1961961961962	5.954925901787003e-05
604.9911911911912	5.875752906163828e-05
605.7861861861861	5.797405271802642e-05
606.5811811811811	5.7198766417566154e-05
607.3761761761762	5.64316068584268e-05
608.1711711711712	5.567251100797107e-05
608.9661661661661	5.492141610427122e-05
609.7611611611611	5.417825965758609e-05
610.5561561561561	5.344297945179941e-05
611.351151151151	5.27155135458191e-05
612.1461461461461	5.1995800274938236e-05
612.9411411411411	5.128377825215776e-05
613.7361361361361	5.0579386369471246e-05
614.531131131131	4.988256379911177e-05
615.3261261261262	4.9193249994761364e-05
616.1211211211212	4.85113846927232e-05
616.9161161161161	4.783690791305663e-05
617.7111111111111	4.716975996067559e-05
618.5061061061061	4.650988142641045e-05
619.3011011011012	4.585721318803352e-05
620.0960960960961	4.521169641124874e-05
620.8910910910911	4.4573272550645256e-05
621.6860860860861	4.394188335061606e-05
622.481081081081	4.331747084624092e-05
623.276076076076	4.2699977364134434e-05
624.0710710710711	4.208934552325985e-05
624.866066066066	4.1485518235707745e-05
625.661061061061	4.088843870744116e-05
626.456056056056	4.029805043900665e-05
627.251051051051	3.971429722621159e-05
628.046046046046	3.913712316076845e-05
628.841041041041	3.856647263090581e-05
629.636036036036	3.800229032194667e-05
630.4310310310309	3.7444521216854415e-05
631.226026026026	3.689311059674616e-05
632.021021021021	3.634800404137517e-05
632.8160160160161	3.580914742958008e-05
633.611011011011	3.5276486939704256e-05
634.406006006006	3.474996904998333e-05
635.201001001001	3.422954053890216e-05
635.9959959959959	3.371514848552128e-05
636.790990990991	3.3206740269773215e-05
637.585985985986	3.270426357272886e-05
638.380980980981	3.220766637683421e-05
639.1759759759759	3.1716896966117875e-05
639.9709709709709	3.1231903926369526e-05
640.765965965966	3.075263614528963e-05
641.5609609609609	3.027904281261074e-05
642.3559559559559	2.9811073420190666e-05
643.1509509509509	2.9348677762077822e-05
643.9459459459459	2.889180593454896e-05
644.7409409409408	2.8440408336119816e-05
645.5359359359359	2.7994435667528678e-05
646.3309309309309	2.7553838931693254e-05
647.1259259259259	2.7118569433641353e-05
647.9209209209209	2.6688578780415666e-05
648.715915915916	2.6263818880952128e-05
649.5109109109109	2.5844241945933505e-05
650.3059059059059	2.5429800487617645e-05
651.1009009009009	2.502044731964071e-05
651.8958958958959	2.461613555679597e-05
652.6908908908908	2.421681861478834e-05
653.4858858858859	2.382245020996493e-05
654.2808808808809	2.343298435902194e-05
655.0758758758758	2.304837537868815e-05
655.8708708708708	2.2668577885385405e-05
656.6658658658658	2.2293546794866338e-05
657.4608608608609	2.1923237321829523e-05
658.2558558558558	2.155760497951255e-05
659.0508508508508	2.1196605579263156e-05
659.8458458458458	2.0840195230088833e-05
660.6408408408407	2.0488330338185115e-05
661.4358358358357	2.014096760644286e-05
662.2308308308308	1.9798064033934838e-05
663.0258258258259	1.9459576915381923e-05
663.8208208208208	1.9125463840599245e-05
664.6158158158158	1.8795682693922348e-05
665.4108108108109	1.8470191653613973e-05
666.2058058058058	1.8148949191251602e-05
667.0008008008008	1.783191407109592e-05
667.7957957957958	1.7519045349440748e-05
668.5907907907908	1.7210302373944655e-05
669.3857857857857	1.6905644782944266e-05
670.1807807807808	1.6605032504749995e-05
670.9757757757758	1.6308425756924213e-05
671.7707707707707	1.601578504554212e-05
672.5657657657657	1.572707116443573e-05
673.3607607607607	1.544224519442124e-05
674.1557557557556	1.5161268502509942e-05
674.9507507507507	1.4884102741103074e-05
675.7457457457457	1.46107098471709e-05
676.5407407407407	1.4341052041416148e-05
677.3357357357356	1.4075091827422316e-05
678.1307307307306	1.3812791990786878e-05
678.9257257257258	1.3554115598239795e-05
679.7207207207207	1.3299025996747746e-05
680.5157157157157	1.3047486812603918e-05
681.3107107107107	1.2799461950504081e-05
682.1057057057058	1.255491559260906e-05
682.9007007007007	1.2313812197593706e-05
683.6956956956957	1.2076116499682911e-05
684.4906906906907	1.1841793507674686e-05
685.2856856856856	1.1610808503950725e-05
686.0806806806806	1.1383127043474691e-05
686.8756756756757	1.1158714952778379e-05
687.6706706706707	1.0937538328936159e-05
688.4656656656656	1.0719563538527854e-05
689.2606606606606	1.0504757216590362e-05
690.0556556556556	1.0293086265558242e-05
690.8506506506506	1.0084517854193547e-05
691.6456456456456	9.879019416505128e-06
692.4406406406406	9.676558650657657e-06
693.2356356356355	9.477103517870661e-06
694.0306306306305	9.28062224130776e-06
694.8256256256257	9.087083304956293e-06
695.6206206206207	8.896455452497949e-06
696.4156156156156	8.708707686169852e-06
697.2106106106106	8.523809265617263e-06
698.0056056056056	8.341729706737536e-06
698.8006006006005	8.162438780515745e-06
699.5955955955956	7.985906511852185e-06
700.3905905905906	7.812103178382036e-06
701.1855855855856	7.640999309287371e-06
701.9805805805805	7.4725656841017065e-06
702.7755755755755	7.306773331507406e-06
703.5705705705706	7.143593528126074e-06
704.3655655655655	6.982997797302239e-06
705.1605605605605	6.824957907880483e-06
705.9555555555555	6.669445872976234e-06
706.7505505505505	6.516433948740552e-06
707.5455455455455	6.3658946331189275e-06
708.3405405405405	6.2178006646044705e-06
709.1355355355355	6.07212502098565e-06
709.9305305305304	5.9288409180887516e-06
710.7255255255255	5.787921808515273e-06
711.5205205205206	5.649341380374644e-06
712.3155155155156	5.513073556011998e-06
713.1105105105105	5.379092490731782e-06
713.9055055055055	5.247372571517075e-06
714.7005005005005	5.117888415744749e-06
715.4954954954954	4.990614869896909e-06
716.2904904904905	4.8655270082686365e-06
717.0854854854855	4.7426001316722315e-06
717.8804804804804	4.621809766138259e-06
718.6754754754754	4.503131661613428e-06
719.4704704704704	4.386541790655625e-06
720.2654654654655	4.272016347126193e-06
721.0604604604604	4.159531744879686e-06
721.8554554554554	4.049064616451259e-06
722.6504504504504	3.94059181174186e-06
723.4454454454453	3.834090396701439e-06
724.2404404404404	3.72953765201029e-06
725.0354354354354	3.626911071758716e-06
725.8304304304304	3.5261883621252518e-06
726.6254254254254	3.427347440053468e-06
727.4204204204204	3.330366431927714e-06
728.2154154154155	3.235223672247721e-06
729.0104104104104	3.141897702302465e-06
729.8054054054054	3.050367268843305e-06
730.6004004004004	2.9606113227565743e-06
731.3953953953954	2.8726090177358156e-06
732.1903903903903	2.786339708953782e-06
732.9853853853854	2.7017829517343583e-06
733.7803803803804	2.618918500224549e-06
734.5753753753753	2.537726306066712e-06
735.3703703703703	2.458186517071116e-06
736.1653653653653	2.3802794758890505e-06
736.9603603603604	2.3039857186865134e-06
737.7553553553553	2.2292859738187664e-06
738.5503503503503	2.15616116050573e-06
739.3453453453453	2.084592387508494e-06
740.1403403403402	2.014560951806977e-06
740.9353353353353	1.9460483372789076e-06
741.7303303303303	1.8790362133802808e-06
742.5253253253253	1.8135064338273308e-06
743.3203203203203	1.7494410352802745e-06
744.1153153153153	1.6868222360287882e-06
744.9103103103104	1.6256324346794929e-06
745.7053053053053	1.565854208845471e-06
746.5003003003003	1.5074703138379453e-06
747.2952952952953	1.4504636813602884e-06
748.0902902902902	1.3948174182043806e-06
748.8852852852852	1.3405148049495352e-06
749.6802802802803	1.287539294664015e-06
750.4752752752753	1.2358745116092897e-06
751.2702702702702	1.1855042499471277e-06
752.0652652652652	1.1364124724496398e-06
752.8602602602602	1.0885833092123475e-06
753.6552552552552	1.0420010563704121e-06
754.4502502502502	9.966501748180934e-07
755.2452452452452	9.525152889315491e-07
756.0402402402402	9.095811852950681e-07
756.8352352352351	8.678328114308283e-07
757.6302302302302	8.272552745322717e-07
758.4252252252253	7.878338402011744e-07
759.2202202202202	7.49553931188555e-07
760.0152152152152	7.124011261393772e-07
760.8102102102102	6.763611583412998e-07
761.6052052052052	6.414199144774269e-07
762.4002002002002	6.075634333832063e-07
763.1951951951952	5.747779048075155e-07
763.9901901901902	5.430496681780422e-07
764.7851851851851	5.123652113710253e-07
765.5801801801802	4.827111694854165e-07
766.3751751751752	4.540743236215632e-07
767.1701701701701	4.2644159966445137e-07
767.9651651651651	3.9980006707160726e-07
768.7601601601601	3.741369376657021e-07
769.5551551551551	3.4943956443193904e-07
770.3501501501501	3.256954403202806e-07
771.1451451451451	3.028921970525876e-07
771.9401401401401	2.8101760393471467e-07
772.735135135135	2.600595666736425e-07
773.53013013013	2.4000612619968687e-07
774.3251251251252	2.2084545749384782e-07
775.1201201201202	2.0256586842037616e-07
775.9151151151151	1.8515579856454429e-07
776.7101101101101	1.686038180757682e-07
777.5051051051051	1.5289862651605026e-07
778.3001001001	1.3802905171383823e-07
779.0950950950951	1.2398404862332649e-07
779.8900900900901	1.1075269818925686e-07
780.6850850850851	9.832420621725759e-08
781.48008008008	8.668790224976894e-08
782.275075075075	7.583323844759166e-08
783.0700700700701	6.574978847710799e-08
783.865065065065	5.642724640320235e-08
784.66006006006	4.785542558793282e-08
785.455055055055	4.0024257594979534e-08
786.2500500500499	3.2923791099911414e-08
787.045045045045	2.6544190806305277e-08
787.84004004004	2.08757363677456e-08
788.635035035035	1.5908821315742135e-08
789.4300300300299	1.1633951993591739e-08
790.225025025025	8.04174649621511e-09
791.0200200200201	5.122933615997601e-09
791.815015015015	2.8683517946557565e-09
792.61001001001	1.2689480811620504e-09
793.405005005005	3.1577709574636197e-10
794.2	-0.0
