0.0	0.003475874133286257
0.794994994994995	0.0034758563461880507
1.58998998998999	0.003475802985206893
2.3849849849849853	0.0034757140512831743
3.17997997997998	0.0034755895459842806
3.974974974974975	0.0034754294715046907
4.769969969969971	0.0034752338306661113
5.5649649649649655	0.003475002626917656
6.35995995995996	0.0034747358643360585
7.154954954954955	0.0034744335476259297
7.94994994994995	0.00347409568212005
8.744944944944946	0.003473722273779703
9.539939939939941	0.0034733133291950445
10.334934934934935	0.0034728688555855135
11.129929929929931	0.003472388860800281
11.924924924924925	0.003471873353318737
12.71991991991992	0.00347132234225101
13.514914914914916	0.0034707358373385383
14.30990990990991	0.0034701138489546643
15.104904904904906	0.0034694563881052694
15.8998998998999	0.0034687634664294603
16.694894894894897	0.0034680350962002665
17.48988988988989	0.003467271290325399
18.284884884884885	0.003466472062348037
19.079879879879883	0.003465637426447638
19.874874874874877	0.0034647673974408095
20.66986986986987	0.0034638619907821915
21.464864864864865	0.0034629212225653896
22.259859859859862	0.0034619451095239382
23.054854854854856	0.0034609336690322985
23.84984984984985	0.0034598869191068884
24.644844844844844	0.0034588048784071537
25.43983983983984	0.003457687566236661
26.23483483483484	0.003456535002544238
27.029829829829833	0.0034553472079251325
27.824824824824823	0.003454124203622213
28.61981981981982	0.0034528660115272013
29.414814814814818	0.0034515726541819265
30.209809809809812	0.003450244154779624
31.004804804804802	0.003448880537166254
31.7997997997998	0.0034474818258418533
32.594794794794794	0.003446048045961921
33.389789789789795	0.003444579223338826
34.18478478478479	0.0034430753844432475
34.97977977977978	0.0034415365564056423
35.77477477477478	0.003439962767017737
36.56976976976977	0.0034383540447340565
37.36476476476477	0.003436710418673463
38.159759759759766	0.0034350319186207327
38.95475475475475	0.0034333185750281595
39.74974974974975	0.0034315704190171683
40.54474474474475	0.0034297874823799703
41.33973973973974	0.0034279697975812284
42.134734734734735	0.003426117397759751
42.92972972972973	0.0034242303167302114
43.72472472472473	0.0034223085889848737
44.519719719719724	0.003420352249695363
45.31471471471472	0.00341836133471443
46.10970970970971	0.003416335880577755
46.904704704704706	0.0034142759245057623
47.6996996996997	0.003412181504405448
48.4946946946947	0.003410052658872239
49.28968968968969	0.00340788942719185
50.08468468468469	0.0034056918493421736
50.87967967967968	0.003403459965995174
51.67467467467468	0.0034011938185188025
52.46966966966968	0.0033988934489789188
53.264664664664664	0.0033965589001412346
54.059659659659665	0.003394190215473261
54.85465465465466	0.0033917874391462695
55.649649649649646	0.003389350616037269
56.44464464464465	0.0033868797917309852
57.23963963963964	0.0033843750125218514
58.03463463463464	0.003381836325416009
58.829629629629636	0.003379263778133313
59.62462462462462	0.0033766574191093487
60.419619619619624	0.0033740172974974477
61.21461461461462	0.0033713434631707107
62.009609609609605	0.003368635966724041
62.804604604604606	0.0033658948594761672
63.5995995995996	0.0033631201934716873
64.39459459459461	0.0033603120214830942
65.18958958958959	0.0033574703970128154
65.98458458458458	0.0033545953742952486
66.77957957957959	0.003351687008298798
67.57457457457457	0.0033487453547279026
68.36956956956958	0.0033457704700250693
69.16456456456457	0.0033427624113728975
69.95955955955957	0.003339721236696098
70.75455455455456	0.003336647004663515
71.54954954954955	0.0033335397746901327
72.34454454454455	0.003330399606939073
73.13953953953954	0.003327226562323598
73.93453453453454	0.0033240207025090865
74.72952952952954	0.0033207820899150173
75.52452452452452	0.00331751078771693
76.31951951951953	0.003314206859848371
77.11451451451452	0.0033108703710028483
77.9095095095095	0.00330750138663574
78.70450450450451	0.00330409997296622
79.4994994994995	0.0033006661969791477
80.2944944944945	0.0032972001264269467
81.0894894894895	0.00329370182983147
81.88448448448449	0.003290171376485846
82.67947947947948	0.0032866088364562986
83.47447447447448	0.003283014280583956
84.26946946946947	0.003279387780486634
85.06446446446446	0.0032757294085605988
85.85945945945946	0.0032720392379823023
86.65445445445447	0.003268317342710105
87.44944944944946	0.003264563797485961
88.24444444444444	0.0032607786778370844
89.03943943943945	0.0032569620600775917
89.83443443443444	0.0032531140213101087
90.62942942942944	0.003249234639427355
91.42442442442443	0.0032453239931137007
92.21941941941942	0.003241382161846684
93.01441441441442	0.0032374092258985075
93.80940940940941	0.0032334052663375006
94.6044044044044	0.003229370365029543
95.3993993993994	0.003225304604639461
96.19439439439441	0.0032212080686323833
96.9893893893894	0.0032170808412750667
97.7843843843844	0.003212923007637186
98.57937937937938	0.0032087346535925754
99.37437437437437	0.0032045158658204455
100.16936936936938	0.0032002667318065557
100.96436436436437	0.003195987339844341
101.75935935935937	0.0031916777790360067
102.55435435435436	0.003187338139293575
103.34934934934935	0.0031829685113398953
104.14434434434436	0.003178568986709599
104.93933933933936	0.003174139657750029
105.73433433433433	0.0031696806176220987
106.52932932932933	0.0031651919603011324
107.32432432432432	0.0031606737805776356
108.11931931931933	0.0031561261740580314
108.91431431431432	0.0031515492371653416
109.70930930930932	0.003146943067139824
110.50430430430431	0.00314230776203955
111.29929929929929	0.0031376434207409432
112.09429429429431	0.0031329501429392583
112.8892892892893	0.0031282280291490073
113.68428428428429	0.003123477180704333
114.47927927927928	0.0031186976997593313
115.27427427427428	0.003113889689288319
116.06926926926928	0.0031090532530860383
116.86426426426428	0.00310418849576781
117.65925925925927	0.003099295522769631
118.45425425425425	0.003094374440348211
119.24924924924925	0.0030894253555809516
120.04424424424424	0.003084448376365864
120.83923923923925	0.0030794436114214277
121.63423423423424	0.0030744111702863896
122.42922922922924	0.003069351163319501
123.22422422422423	0.0030642637016991877
124.01921921921921	0.0030591488974231673
124.81421421421423	0.0030540068633079895
125.60920920920921	0.0030488377129885245
126.4042042042042	0.003043641560917375
127.1991991991992	0.003038418522364238
127.9941941941942	0.003033168713415181
128.78918918918922	0.003027892250971866
129.58418418418418	0.003022589252750701
130.37917917917918	0.003017259837281926
131.17417417417417	0.003011904123908622
131.96916916916916	0.003006522232785664
132.76416416416419	0.00300111428487859
133.55915915915918	0.002995680401962413
134.35415415415417	0.002990220706620354
135.14914914914914	0.0029847353222425023
135.94414414414413	0.002979224373024413
136.73913913913916	0.0029736879839656195
137.53413413413415	0.0029681262808680877
138.32912912912914	0.002962539390334583
139.12412412412414	0.002956927439766968
139.91911911911913	0.0029512905573644355
140.71411411411412	0.0029456288721216514
141.50910910910912	0.002939942513826832
142.3041041041041	0.002934231613059742
143.0990990990991	0.0029284963011896223
143.8940940940941	0.0029227367103730325
144.6890890890891	0.0029169529735516204
145.4840840840841	0.002911145224449821
146.27907907907908	0.0029053135975724677
147.07407407407408	0.0028994582282023305
147.86906906906907	0.002893579252397575
148.6640640640641	0.0028876768069891505
149.4590590590591	0.0028817510295780823
150.25405405405405	0.002875802058532703
151.04904904904905	0.002869830032985796
151.84404404404404	0.002863835092831659
152.63903903903906	0.0028578173787230867
153.43403403403406	0.002851777032068281
154.22902902902905	0.0028457141950276764
155.02402402402404	0.0028396290105106767
155.819019019019	0.002833521622172329
156.614014014014	0.0028273921744099016
157.40900900900903	0.0028212408123593886
158.20400400400402	0.002815067681891929
158.998998998999	0.0028088729296101493
159.793993993994	0.002802656702844423
160.588988988989	0.0027964191496490484
161.383983983984	0.0027901604187983414
162.178978978979	0.0027838806597826568
162.97397397397398	0.002777580022804315
163.76896896896898	0.0027712586587734602
164.56396396396397	0.002764916719303826
165.35895895895897	0.0027585543567084274
166.15395395395396	0.0027521717239951645
166.94894894894895	0.002745768974862352
167.74394394394395	0.0027393462636941595
168.53893893893894	0.00273290374555598
169.33393393393396	0.002726441576189703
170.12892892892893	0.0027199599120089238
170.92392392392392	0.002713458910094054
171.71891891891892	0.002706938728187364
172.5139139139139	0.0027003995246879424
173.30890890890893	0.002693841458646563
174.10390390390393	0.002687264689760491
174.89889889889892	0.0026806693783681924
175.6938938938939	0.0026740556854439675
176.48888888888888	0.00266742377259251
177.2838838838839	0.0026607738020433787
178.0788788788789	0.002654105936645396
178.8738738738739	0.0026474203398609607
179.66886886886888	0.0026407171757602877
180.46386386386388	0.0026339966090155632
181.25885885885887	0.00262725880489503
182.05385385385387	0.0026205039292569814
182.84884884884886	0.0026137321485436927
183.64384384384385	0.0026069436297752636
184.43883883883885	0.0026001385405433866
185.23383383383384	0.00259331704900504
186.02882882882884	0.0025864793238761096
186.82382382382383	0.002579625534424918
187.61881881881882	0.002572755850465699
188.41381381381382	0.0025658704423519823
189.2088088088088	0.0025589694809699088
190.00380380380383	0.0025520531377314706
190.7987987987988	0.002545121584567681
191.5937937937938	0.002538174993921664
192.38878878878882	0.002531213538741676
193.18378378378378	0.0025242373924740584
193.9787787787788	0.002517246729056106
194.77377377377377	0.0025102417229088837
195.5687687687688	0.002503222548929949
196.36376376376379	0.0024961893824860296
197.15875875875875	0.0024891423994056095
197.95375375375377	0.00248208177597146
198.74874874874874	0.002475007688913098
199.54374374374376	0.002467920315399174
200.33873873873875	0.0024608198330297996
201.13373373373375	0.0024537064198288045
201.92872872872874	0.0024465802542359256
202.7237237237237	0.002439441515098936
203.51871871871873	0.002432290381665708
204.31371371371375	0.0024251270335762095
205.10870870870872	0.002417951650854446
205.9037037037037	0.002410764413900326
206.6986986986987	0.002403565503481481
207.4936936936937	0.002396355100725014
208.28868868868872	0.002389133387109192
209.0836836836837	0.002381900544455078
209.8786786786787	0.0023746567549181095
210.67367367367368	0.00236740220097961
211.46866866866867	0.002360137065438253
212.2636636636637	0.002352861531401467
213.05865865865866	0.002345575782276782
213.85365365365368	0.0023382800017631273
214.64864864864865	0.0023309743738420723
215.44364364364367	0.0023236590827690152
216.23863863863866	0.0023163343130643225
217.03363363363363	0.002309000249504416
217.82862862862865	0.002301657077112808
218.62362362362362	0.002294304981151091
219.41861861861864	0.002286944147109878
220.21361361361363	0.002279574760699698
221.00860860860863	0.002272197007841838
221.80360360360362	0.0022648110746591498
222.59859859859858	0.002257417147466806
223.3935935935936	0.0022500154127630127
224.18858858858863	0.002242606057219687
224.9835835835836	0.002235189267673082
225.7785785785786	0.0022277652311143803
226.57357357357358	0.0022203341346802466
227.36856856856858	0.0022128961656433374
228.1635635635636	0.0022054515114027797
228.95855855855856	0.002198000359474612
229.7535535535536	0.002190542897482181
230.54854854854855	0.002183079313146522
231.34354354354355	0.002175609794276689
232.13853853853857	0.0021681345287600613
232.93353353353353	0.002160653704552619
233.72852852852856	0.0021531675096691867
234.52352352352352	0.0021456761321736466
235.31851851851854	0.0021381797601691273
236.11351351351354	0.0021306785817881667
236.9085085085085	0.002123172785182844
237.70350350350353	0.0021156625585148905
238.4984984984985	0.002108148089945781
239.29349349349351	0.002100629567626792
240.08848848848848	0.002093107179689054
240.8834834834835	0.002085581114233565
241.6784784784785	0.0020780515593212066
242.47347347347346	0.002070518702962723
243.26846846846848	0.0020629827331086945
244.06346346346345	0.002055443837639494
244.85845845845847	0.0020479022043552236
245.65345345345347	0.0020403580209656467
246.44844844844846	0.0020328114750801005
247.24344344344345	0.002025262754197401
248.03843843843842	0.00201771204569574
248.83343343343344	0.0020101595368225643
249.62842842842846	0.0020026054146844675
250.42342342342343	0.0019950498662370496
251.21841841841842	0.0019874930782747898
252.01341341341342	0.001979935237420913
252.8084084084084	0.001972376530117244
253.60340340340343	0.001964817142614074
254.3983983983984	0.0019572572609600136
255.19339339339342	0.0019496970709918565
255.9883883883884	0.0019421367583244394
256.7833833833834	0.001934576508340506
257.57837837837843	0.0019270165061805792
258.3733733733734	0.0019194569367328336
259.16836836836836	0.0019118979846229778
259.9633633633634	0.0019043398342041425
260.75835835835835	0.0018967826695467814
261.5533533533534	0.001889226674428576
262.34834834834834	0.0018816720323243613
263.14334334334336	0.0018741189263960527
263.9383383383383	0.0018665675394825961
264.73333333333335	0.0018590180540899283
265.52832832832837	0.001851470652380955
266.32332332332334	0.0018439255161655458
267.11831831831836	0.001836382826890545
267.9133133133133	0.0018288427656298109
268.70830830830835	0.0018213055130742626
269.5033033033033	0.0018137712495219604
270.2982982982983	0.0018062401548682048
271.0932932932933	0.0017987124085956576
271.88828828828827	0.0017911881897644919
272.6832832832833	0.0017836676770025689
273.4782782782783	0.0017761510484956401
274.2732732732733	0.00176863848197758
275.0682682682683	0.001761130154720647
275.86326326326326	0.0017536262435257808
276.6582582582583	0.001746126924712923
277.4532532532533	0.0017386323741113816
278.2482482482483	0.0017311427670502239
279.04324324324324	0.001723658278348702
279.83823823823826	0.0017161790823067263
280.6332332332332	0.0017087053526953654
281.42822822822825	0.0017012372627473913
282.2232232232232	0.0016937749851478653
283.01821821821824	0.0016863186920247591
283.8132132132132	0.0016788685549396257
284.6082082082082	0.0016714247448783096
285.40320320320325	0.0016639874322417019
286.1981981981982	0.0016565567868365423
286.99319319319324	0.001649132977866267
287.7881881881882	0.0016417161739219017
288.5831831831832	0.001634306542973011
289.3781781781782	0.0016269042523586869
290.17317317317315	0.0016195094687785996
290.9681681681682	0.001612122358284089
291.76316316316314	0.001604743086269317
292.55815815815816	0.0015973718174624747
293.3531531531532	0.0015900087159170318
294.14814814814815	0.0015826540051625962
294.9431431431432	0.0015753083130248394
295.73813813813814	0.0015679718924596553
296.53313313313316	0.0015606448962550443
297.3281281281282	0.0015533274765834888
298.12312312312315	0.0015460197849925643
298.9181181181182	0.0015387219723956211
299.71311311311314	0.0015314341890625318
300.5081081081081	0.0015241565846105109
301.3031031031031	0.0015168893079950075
302.0980980980981	0.0015096325075006638
302.8930930930931	0.0015023863307323502
303.6880880880881	0.0014951509246062704
304.4830830830831	0.0014879264353411506
305.2780780780781	0.0014807130084494862
306.0730730730731	0.0014735107887288883
306.8680680680681	0.0014663199202534798
307.6630630630631	0.0014591405463653961
308.4580580580581	0.0014519728096663441
309.25305305305307	0.00144481685200925
310.0480480480481	0.0014376728144899875
310.84304304304305	0.0014305408374391823
311.638038038038	0.0014234210604141088
312.43303303303304	0.0014163136221906475
313.228028028028	0.0014092186607553593
314.02302302302303	0.0014021363132976083
314.81801801801805	0.0013950667162017938
315.613013013013	0.0013880100050396593
316.40800800800804	0.0013809663145626862
317.203003003003	0.0013739357786945827
317.997997997998	0.001366918530523843
318.79299299299305	0.001359914702296418
319.587987987988	0.0013529244254084553
320.382982982983	0.0013459478303991402
321.177977977978	0.0013389850469436202
321.97297297297297	0.001332036203846024
322.767967967968	0.0013251014290325755
323.56296296296296	0.0013181808495447897
324.357957957958	0.001311274591532768
325.15295295295294	0.0013043827802485884
325.94794794794797	0.001297505540039783
326.742942942943	0.0012906429943429164
327.53793793793795	0.0012837952656772535
328.332932932933	0.0012769624756385262
329.12792792792794	0.0012701447448927928
329.92292292292296	0.0012633421931703961
330.71791791791793	0.001256554939260016
331.5129129129129	0.0012497831010028233
332.3079079079079	0.0012430267952867238
333.1029029029029	0.0012362861380407098
333.8978978978979	0.0012295612442293005
334.6928928928929	0.0012228522278470893
335.4878878878879	0.001216159201913382
336.2828828828829	0.0012094822784669442
337.0778778778779	0.0012028215685608405
337.8728728728729	0.0011961771822573755
338.6678678678679	0.0011895492286231408
339.4628628628629	0.0011829378157241584
340.25785785785786	0.0011763430506211193
341.0528528528529	0.001169765039364738
341.84784784784785	0.001163203886991194
342.64284284284287	0.0011566596975176862
343.43783783783783	0.0011501325739380855
344.23283283283286	0.001143622618218681
345.0278278278278	0.0011371299312940503
345.82282282282284	0.0011306546130630075
346.61781781781787	0.0011241967623846732
347.41281281281283	0.0011177564770746375
348.20780780780785	0.0011113338539012287
349.0028028028028	0.001104928988581893
349.79779779779784	0.0010985419757796567
350.5927927927928	0.001092172909099722
351.3877877877878	0.0010858218810861403
352.1827827827828	0.001079488983218604
352.97777777777776	0.001073174305909335
353.7727727727728	0.0010668779385000847
354.5677677677678	0.0010605999692592297
355.36276276276277	0.0010543404853789772
356.1577577577578	0.0010480995729726722
356.95275275275276	0.001041877317072206
357.7477477477478	0.001035673801625538
358.5427427427428	0.0010294891094943096
359.33773773773777	0.00102332332245157
360.13273273273273	0.0010171765211796056
360.92772772772776	0.0010110487852678675
361.7227227227227	0.0010049401932110077
362.51771771771774	0.0009988508224070185
363.3127127127127	0.0009927807491554746
364.10770770770773	0.000986730048655876
364.9027027027027	0.000980698795006102
365.6976976976977	0.0009746870612009577
366.49269269269274	0.0009686949191308309
367.2876876876877	0.00096272243958045
368.08268268268273	0.0009567696922277423
368.8776776776777	0.0009508367456427994
369.6726726726727	0.0009449236672869369
370.4676676676677	0.0009390305235118665
371.26266266266265	0.0009331573795589612
372.05765765765767	0.000927304299558623
372.85265265265264	0.0009214713465297565
373.64764764764766	0.0009156585823793385
374.4426426426426	0.0009098660679020902
375.23763763763765	0.0009040938627802504
376.03263263263267	0.0008983420255834458
376.82762762762763	0.0008926106137686662
377.62262262262266	0.0008868996836803306
378.4176176176176	0.00088120929055046
379.21261261261265	0.0008755394884989447
380.00760760760767	0.0008698903305339112
380.80260260260263	0.0008642618685521895
381.5975975975976	0.0008586541533398651
382.3925925925926	0.0008530672345729493
383.1875875875876	0.0008475011608181269
383.98258258258255	0.0008419559795336084
384.77757757757763	0.0008364317370700773
385.5725725725726	0.0008309284786717316
386.36756756756756	0.0008254462484774232
387.16256256256264	0.0008199850895218797
387.9575575575576	0.0008145450437370403
388.7525525525526	0.0008091261519534656
389.54754754754754	0.0008037284539018497
390.34254254254256	0.0007983519882146229
391.1375375375376	0.000792996792427645
391.93253253253255	0.0007876629029819935
392.72752752752757	0.0007823503552258321
393.52252252252254	0.0007770591834163855
394.3175175175175	0.0007717894207219863
395.1125125125126	0.0007665410992242216
395.90750750750755	0.0007613142499201694
396.7025025025025	0.0007561089027247079
397.4974974974975	0.0007509250864729331
398.29249249249256	0.000745762828922643
399.0874874874875	0.0007406221567569224
399.8824824824825	0.0007355030955868019
400.6774774774775	0.0007304056699540088
401.4724724724725	0.0007253299033337999
402.2674674674675	0.0007202758181378707
403.0624624624625	0.0007152434357173608
403.8574574574575	0.0007102327763659279
404.65245245245245	0.0007052438593229099
405.4474474474474	0.0007002767027765644
406.2424424424425	0.0006953313238673897
407.03743743743746	0.0006904077386915271
407.8324324324324	0.0006855059623042317
408.6274274274275	0.0006806260087234336
409.42242242242247	0.0006757678909333676
410.21741741741744	0.0006709316208882805
411.0124124124124	0.0006661172095162137
411.8074074074074	0.0006613246667228629
412.6024024024024	0.0006565540013955098
413.3973973973974	0.0006518052214070214
414.19239239239243	0.0006470783336199345
414.9873873873874	0.0006423733438905969
415.78238238238237	0.0006376902570733905
416.57737737737745	0.0006330290770250167
417.3723723723724	0.0006283898066088567
418.1673673673674	0.000623772447699397
418.96236236236234	0.0006191770011867193
419.7573573573574	0.0006146034669810655
420.5523523523524	0.0006100518440174606
421.34734734734735	0.0006055221302604033
422.1423423423424	0.0006010143227086216
422.93733733733734	0.0005965284173998906
423.7323323323323	0.0005920644094159156
424.5273273273274	0.0005876222928872683
425.32232232232235	0.0005832020609983977
426.1173173173173	0.0005788037059926873
426.9123123123123	0.0005744272191775794
427.70730730730736	0.0005700725909297552
428.5023023023023	0.0005657398107003728
429.2972972972973	0.0005614288670203623
430.0922922922923	0.0005571397475057709
430.88728728728734	0.0005528724388631757
431.6822822822823	0.0005486269268951333
432.4772772772773	0.0005444031965056971
433.2722722722723	0.0005402012317059803
434.06726726726725	0.0005360210156197666
434.8622622622622	0.0005318625304891809
435.6572572572573	0.0005277257576803985
436.45225225225226	0.0005236106776894137
437.24724724724723	0.0005195172701478457
438.0422422422423	0.0005154455138287984
438.8372372372373	0.0005113953866527664
439.63223223223224	0.0005073668656935769
440.42722722722726	0.0005033599271843889
441.22222222222223	0.0004993745465237265
442.01721721721725	0.000495410698281555
442.8122122122122	0.0004914683562054036
443.60720720720724	0.0004875474932265228
444.4022022022022	0.0004836480814660869
445.19719719719717	0.0004797700922414275
445.99219219219225	0.0004759134960723151
446.7871871871872	0.0004720782626872679
447.5821821821822	0.0004682643610299017
448.37717717717726	0.00046447175926531413
449.1721721721722	0.00046070042478650326
449.9671671671672	0.0004569503242208191
450.76216216216216	0.0004532214234364442
451.5571571571572	0.0004495136875489132
452.35215215215214	0.00044582708092765665
453.14714714714717	0.0004421615672025753
453.9421421421422	0.00043851710927064573
454.73713713713715	0.00043489366930255245
455.5321321321321	0.0004312912087493469
456.3271271271272	0.00042770968834912994
457.12212212212216	0.00042414906813376753
457.91711711711713	0.0004206093074356196
458.7121121121121	0.0004170903648943017
459.5071071071072	0.00041359219846346334
460.30210210210214	0.0004101147654175919
461.0970970970971	0.00040665802235883555
461.8920920920921	0.00040322192522384214
462.6870870870871	0.0003998064292906275
463.48208208208206	0.00039641148918544914
464.27707707707714	0.0003930370588897069
465.0720720720721	0.00038968309174685603
465.86706706706707	0.00038634954046933354
466.66206206206203	0.00038303635714550665
467.4570570570571	0.0003797434932466239
468.2520520520521	0.00037647089963379276
469.04704704704704	0.00037321852656495557
469.8420420420421	0.0003699863237018862
470.6370370370371	0.0003667742401171954
471.43203203203205	0.0003635822243013398
472.2270270270271	0.0003604102241696492
473.02202202202204	0.0003572581870693536
473.817017017017	0.00035412605978662077
474.612012012012	0.0003510137885536008
475.40700700700705	0.0003479213190554727
476.202002002002	0.00034484859643750087
476.996996996997	0.00034179556531208755
477.79199199199206	0.00033876216976583767
478.58698698698703	0.00033574835336661773
479.381981981982	0.00033275405917062033
480.17697697697696	0.0003297792297294279
480.97197197197204	0.000326823807097076
481.766966966967	0.00032388773283711903
482.56196196196197	0.0003209709480296852
483.356956956957	0.00031807339327854134
484.15195195195196	0.00031519500871814355
484.9469469469469	0.00031233573402069005
485.741941941942	0.000309495508403166
486.53693693693697	0.00030667427063438496
487.33193193193193	0.00030387195904202336
488.1269269269269	0.0003010885115196439
488.921921921922	0.00029832386553372013
489.71691691691694	0.0002955779581306426
490.5119119119119	0.0002928507259437221
491.30690690690693	0.00029014210520017964
492.10190190190195	0.0002874520317281279
492.8968968968969	0.000284780440963541
493.69189189189194	0.00028212726795720825
494.4868868868869	0.000279492447381683
495.2818818818819	0.0002768759135382091
496.07687687687684	0.0002742776003636397
496.8718718718719	0.00027169744143733726
497.6668668668669	0.0002691353699880615
498.46186186186185	0.00026659131890083846
499.2568568568569	0.0002640652207238119
500.0518518518519	0.00026155700767508246
500.84684684684686	0.00025906661164952217
501.6418418418419	0.00025659396422557346
502.43683683683685	0.00025413899667203147
503.23183183183187	0.0002517016399547985
504.02682682682683	0.0002492818247436281
504.82182182182186	0.0002468794814188378
505.6168168168168	0.00024449454007800954
506.4118118118118	0.00024212693054265945
507.20680680680687	0.00023977658236488952
508.00180180180183	0.00023744342483401592
508.7967967967968	0.0002351273869831682
509.5917917917919	0.000232828397595872
510.38678678678684	0.00023054638521259824
511.1817817817818	0.0002282812781372919
511.9767767767768	0.0002260330044438721
512.7717717717718	0.0002238014919827066
513.5667667667668	0.00022158666838705888
514.3617617617617	0.00021938846107950427
515.1567567567569	0.00021720679727832364
515.9517517517518	0.00021504160400386227
516.7467467467468	0.00021289280808486297
517.5417417417418	0.00021076033616476792
518.3367367367367	0.00020864411470799
519.1317317317317	0.000206544070006155
519.9267267267268	0.00020446012818430912
520.7217217217218	0.00020239221520709905
521.5167167167167	0.00020034025688491638
522.3117117117117	0.0001983041788800107
523.1067067067067	0.0001962839067125701
523.9017017017018	0.00019427936576676697
524.6966966966967	0.00019229048129677174
525.4916916916918	0.00019031717843272903
526.2866866866867	0.00018835938218670386
527.0816816816817	0.00018641701745858783
527.8766766766767	0.0001844900090419729
528.6716716716717	0.00018257828162998826
529.4666666666667	0.00018068175982110133
530.2616616616616	0.00017880036812488204
531.0566566566567	0.00017693403096772845
531.8516516516517	0.00017508267269855925
532.6466466466467	0.00017324621759446344
533.4416416416417	0.00017142458986631548
534.2366366366367	0.0001696177136643521
535.0316316316316	0.00016782551308370714
535.8266266266266	0.0001660479121699125
536.6216216216217	0.0001642848349243546
537.4166166166167	0.0001625362053096962
538.2116116116116	0.00016080194725525445
539.0066066066066	0.00015908198466234034
539.8016016016016	0.00015737624140955958
540.5965965965966	0.00015568464135806812
541.3915915915917	0.00015400710835679286
542.1865865865866	0.000152343566247606
542.9815815815816	0.0001506939388704606
543.7765765765765	0.00014905815006848412
544.5715715715717	0.00014743612369302975
545.3665665665666	0.0001458277836086868
546.1615615615616	0.00014423305369824546
546.9565565565566	0.00014265185786762466
547.7515515515516	0.0001410841200507516
548.5465465465466	0.00013952976421440175
549.3415415415416	0.00013798871436299513
550.1365365365366	0.0001364608945433483
550.9315315315315	0.00013494622884938553
551.7265265265265	0.0001334446414268017
552.5215215215215	0.00013195605647768754
553.3165165165166	0.00013048039826510586
554.1115115115115	0.00012901759111762657
554.9065065065066	0.00012756755943381644
555.7015015015015	0.0001261302276866853
556.4964964964965	0.0001247055204280876
557.2914914914915	0.0001232933622930785
558.0864864864865	0.00012189367800422743
558.8814814814815	0.00012050639237588508
559.6764764764765	0.00011913143031840649
560.4714714714715	0.00011776871684232869
561.2664664664665	0.0001164181770625044
562.0614614614615	0.0001150797362021901
562.8564564564565	0.00011375331959708773
563.6514514514515	0.00011243885269934471
564.4464464464464	0.00011113626108150457
565.2414414414415	0.00010984547044041518
566.0364364364365	0.00010856640660109111
566.8314314314315	0.00010729899552053001
567.6264264264264	0.00010604316329148466
568.4214214214214	0.00010479883614618793
569.2164164164165	0.00010356594046003536
570.0114114114115	0.0001023444027552188
570.8064064064065	0.0001011341497043172
571.6014014014014	9.993510813384207e-05
572.3963963963964	9.874720502773476e-05
573.1913913913913	9.757036753082285e-05
573.9863863863865	9.640452295222634e-05
574.7813813813814	9.524959876872354e-05
575.5763763763764	9.4105522628067e-05
576.3713713713714	9.297222235225735e-05
577.1663663663664	9.184962594077184e-05
577.9613613613614	9.073766157374482e-05
578.7563563563564	8.963625761510757e-05
579.5513513513514	8.854534261567945e-05
580.3463463463463	8.746484531621603e-05
581.1413413413413	8.639469465041183e-05
581.9363363363364	8.533481974785795e-05
582.7313313313314	8.428514993695666e-05
583.5263263263263	8.324561474778793e-05
584.3213213213214	8.221614391493594e-05
585.1163163163163	8.119666738026736e-05
585.9113113113114	8.018711529566742e-05
586.7063063063064	7.918741802573104e-05
587.5013013013014	7.819750615041028e-05
588.2962962962963	7.721731046761761e-05
589.0912912912913	7.624676199578468e-05
589.8862862862863	7.528579197637911e-05
590.6812812812813	7.433433187637577e-05
591.4762762762763	7.339231339068591e-05
592.2712712712713	7.245966844454233e-05
593.0662662662663	7.153632919584181e-05
593.8612612612612	7.06222280374446e-05
594.6562562562564	6.971729759942989e-05
595.4512512512513	6.882147075131091e-05
596.2462462462463	6.7934680604205e-05
597.0412412412412	6.705686051296307e-05
597.8362362362363	6.618794407825598e-05
598.6312312312313	6.532786514861943e-05
599.4262262262263	6.447655782245688e-05
600.2212212212213	6.363395645000006e-05
601.0162162162162	6.279999563522984e-05
601.8112112112112	6.197461023775367e-05
602.6062062062063	6.115773537464343e-05
603.4012012012013	6.034930642223241e-05
604.1961961961962	5.954925901786994e-05
604.9911911911912	5.8757529061638276e-05
605.7861861861862	5.797405271802631e-05
606.5811811811813	5.719876641756607e-05
607.3761761761762	5.643160685842674e-05
608.1711711711712	5.567251100797092e-05
608.9661661661662	5.492141610427117e-05
609.7611611611612	5.417825965758598e-05
610.5561561561562	5.344297945179931e-05
611.3511511511512	5.271551354581899e-05
612.1461461461462	5.1995800274938134e-05
612.9411411411411	5.128377825215767e-05
613.7361361361362	5.057938636947107e-05
614.5311311311311	4.988256379911169e-05
615.3261261261262	4.919324999476126e-05
616.1211211211212	4.851138469272309e-05
616.9161161161162	4.783690791305655e-05
617.7111111111111	4.7169759960675514e-05
618.5061061061061	4.6509881426410394e-05
619.3011011011012	4.5857213188033394e-05
620.0960960960962	4.521169641124867e-05
620.8910910910911	4.457327255064515e-05
621.6860860860861	4.394188335061597e-05
622.4810810810811	4.33174708462408e-05
623.276076076076	4.2699977364134346e-05
624.0710710710712	4.2089345523259746e-05
624.8660660660661	4.148551823570759e-05
625.6610610610611	4.0888438707441074e-05
626.456056056056	4.0298050439006534e-05
627.2510510510511	3.971429722621146e-05
628.0460460460461	3.9137123160768335e-05
628.8410410410411	3.85664726309057e-05
629.6360360360361	3.8002290321946564e-05
630.431031031031	3.7444521216854246e-05
631.226026026026	3.6893110596746185e-05
632.021021021021	3.634800404137513e-05
632.8160160160161	3.580914742958005e-05
633.611011011011	3.527648693970425e-05
634.406006006006	3.474996904998333e-05
635.201001001001	3.422954053890213e-05
635.995995995996	3.371514848552121e-05
636.790990990991	3.3206740269773236e-05
637.5859859859861	3.270426357272879e-05
638.380980980981	3.220766637683415e-05
639.175975975976	3.171689696611783e-05
639.970970970971	3.123190392636943e-05
640.765965965966	3.075263614528959e-05
641.560960960961	3.027904281261067e-05
642.355955955956	2.9811073420190663e-05
643.150950950951	2.9348677762077748e-05
643.9459459459459	2.8891805934548897e-05
644.740940940941	2.8440408336119775e-05
645.535935935936	2.7994435667528563e-05
646.330930930931	2.7553838931693207e-05
647.1259259259259	2.711856943364136e-05
647.9209209209209	2.668857878041567e-05
648.715915915916	2.626381888095212e-05
649.510910910911	2.5844241945933508e-05
650.3059059059059	2.542980048761768e-05
651.1009009009009	2.5020447319640687e-05
651.8958958958959	2.4616135556796e-05
652.6908908908908	2.4216818614788332e-05
653.485885885886	2.3822450209964913e-05
654.2808808808809	2.3432984359021925e-05
655.0758758758759	2.3048375378688132e-05
655.8708708708709	2.2668577885385395e-05
656.665865865866	2.2293546794866304e-05
657.4608608608609	2.1923237321829533e-05
658.2558558558559	2.1557604979512525e-05
659.0508508508509	2.119660557926313e-05
659.8458458458459	2.0840195230088816e-05
660.6408408408408	2.04883303381851e-05
661.4358358358359	2.0140967606442836e-05
662.2308308308309	1.9798064033934777e-05
663.0258258258258	1.9459576915381923e-05
663.8208208208209	1.912546384059921e-05
664.6158158158158	1.8795682693922317e-05
665.4108108108109	1.8470191653613977e-05
666.2058058058058	1.81489491912516e-05
667.0008008008009	1.7831914071095896e-05
667.7957957957958	1.7519045349440704e-05
668.5907907907908	1.721030237394465e-05
669.3857857857859	1.6905644782944215e-05
670.1807807807808	1.6605032504749964e-05
670.9757757757758	1.6308425756924196e-05
671.7707707707708	1.6015785045542054e-05
672.5657657657658	1.5727071164435707e-05
673.3607607607607	1.54422451944212e-05
674.1557557557558	1.5161268502509932e-05
674.9507507507508	1.4884102741103028e-05
675.7457457457458	1.4610709847170858e-05
676.5407407407407	1.4341052041416112e-05
677.3357357357359	1.4075091827422256e-05
678.1307307307308	1.381279199078684e-05
678.9257257257258	1.3554115598239759e-05
679.7207207207207	1.3299025996747751e-05
680.5157157157157	1.304748681260388e-05
681.3107107107107	1.2799461950504046e-05
682.1057057057058	1.2554915592609038e-05
682.9007007007008	1.2313812197593657e-05
683.6956956956957	1.207611649968289e-05
684.4906906906907	1.1841793507674643e-05
685.2856856856857	1.1610808503950676e-05
686.0806806806808	1.138312704347465e-05
686.8756756756757	1.1158714952778345e-05
687.6706706706707	1.0937538328936133e-05
688.4656656656657	1.0719563538527795e-05
689.2606606606607	1.0504757216590328e-05
690.0556556556556	1.02930862655582e-05
690.8506506506507	1.0084517854193504e-05
691.6456456456457	9.879019416505082e-06
692.4406406406406	9.67655865065762e-06
693.2356356356357	9.477103517870617e-06
694.0306306306306	9.280622241307695e-06
694.8256256256257	9.087083304956308e-06
695.6206206206206	8.89645545249794e-06
696.4156156156157	8.70870768616984e-06
697.2106106106106	8.523809265617255e-06
698.0056056056056	8.34172970673753e-06
698.8006006006007	8.162438780515732e-06
699.5955955955957	7.98590651185216e-06
700.3905905905906	7.812103178382038e-06
701.1855855855856	7.640999309287354e-06
701.9805805805806	7.4725656841016896e-06
702.7755755755755	7.3067733315073965e-06
703.5705705705706	7.143593528126063e-06
704.3655655655656	6.982997797302223e-06
705.1605605605606	6.824957907880451e-06
705.9555555555555	6.669445872976226e-06
706.7505505505507	6.516433948740527e-06
707.5455455455456	6.365894633118896e-06
708.3405405405406	6.217800664604454e-06
709.1355355355356	6.072125020985617e-06
709.9305305305306	5.9288409180887355e-06
710.7255255255255	5.787921808515276e-06
711.5205205205206	5.649341380374666e-06
712.3155155155156	5.5130735560119965e-06
713.1105105105105	5.379092490731788e-06
713.9055055055055	5.247372571517082e-06
714.7005005005005	5.117888415744737e-06
715.4954954954956	4.9906148698969195e-06
716.2904904904905	4.865527008268634e-06
717.0854854854856	4.742600131672238e-06
717.8804804804805	4.621809766138257e-06
718.6754754754755	4.503131661613419e-06
719.4704704704704	4.386541790655627e-06
720.2654654654655	4.272016347126177e-06
721.0604604604605	4.159531744879687e-06
721.8554554554555	4.049064616451251e-06
722.6504504504505	3.9405918117418646e-06
723.4454454454454	3.834090396701437e-06
724.2404404404405	3.7295376520102743e-06
725.0354354354355	3.6269110717587077e-06
725.8304304304305	3.526188362125236e-06
726.6254254254254	3.4273474400534778e-06
727.4204204204204	3.3303664319277126e-06
728.2154154154155	3.2352236722477257e-06
729.0104104104105	3.141897702302462e-06
729.8054054054054	3.0503672688432953e-06
730.6004004004004	2.9606113227565722e-06
731.3953953953954	2.872609017735808e-06
732.1903903903905	2.7863397089537853e-06
732.9853853853855	2.70178295173435e-06
733.7803803803804	2.6189185002245516e-06
734.5753753753754	2.5377263060667057e-06
735.3703703703703	2.4581865170711064e-06
736.1653653653655	2.3802794758890463e-06
736.9603603603604	2.3039857186865045e-06
737.7553553553554	2.2292859738187643e-06
738.5503503503504	2.1561611605057193e-06
739.3453453453454	2.0845923875084933e-06
740.1403403403403	2.0145609518069696e-06
740.9353353353354	1.9460483372788907e-06
741.7303303303304	1.8790362133802717e-06
742.5253253253253	1.8135064338273246e-06
743.3203203203203	1.7494410352802769e-06
744.1153153153153	1.6868222360287806e-06
744.9103103103104	1.625632434679496e-06
745.7053053053053	1.565854208845465e-06
746.5003003003004	1.5074703138379366e-06
747.2952952952953	1.4504636813602857e-06
748.0902902902903	1.394817418204372e-06
748.8852852852852	1.3405148049495363e-06
749.6802802802804	1.287539294664008e-06
750.4752752752753	1.235874511609289e-06
751.2702702702703	1.1855042499471234e-06
752.0652652652653	1.1364124724496283e-06
752.8602602602602	1.0885833092123426e-06
753.6552552552553	1.042001056370404e-06
754.4502502502503	9.9665017481808e-07
755.2452452452453	9.525152889315404e-07
756.0402402402402	9.095811852950662e-07
756.8352352352352	8.678328114308224e-07
757.6302302302302	8.272552745322628e-07
758.4252252252253	7.878338402011753e-07
759.2202202202203	7.495539311885536e-07
760.0152152152153	7.12401126139373e-07
760.8102102102102	6.763611583412985e-07
761.6052052052053	6.41419914477431e-07
762.4002002002002	6.075634333832076e-07
763.1951951951952	5.747779048075139e-07
763.9901901901903	5.430496681780418e-07
764.7851851851852	5.123652113710227e-07
765.5801801801803	4.827111694854117e-07
766.3751751751752	4.540743236215618e-07
767.1701701701702	4.264415996644539e-07
767.9651651651651	3.9980006707160763e-07
768.7601601601601	3.7413693766569997e-07
769.5551551551553	3.4943956443193767e-07
770.3501501501502	3.2569544032027717e-07
771.1451451451452	3.028921970525827e-07
771.9401401401402	2.810176039347127e-07
772.7351351351351	2.600595666736438e-07
773.5301301301301	2.4000612619968613e-07
774.3251251251253	2.20845457493848e-07
775.1201201201202	2.0256586842037812e-07
775.9151151151152	1.8515579856454524e-07
776.7101101101101	1.6860381807576738e-07
777.5051051051051	1.5289862651605098e-07
778.3001001001	1.3802905171384136e-07
779.0950950950951	1.239840486233289e-07
779.8900900900902	1.1075269818925681e-07
780.6850850850851	9.832420621725914e-08
781.4800800800801	8.668790224976902e-08
782.2750750750752	7.583323844759114e-08
783.0700700700701	6.57497884771087e-08
783.8650650650651	5.6427246403204344e-08
784.66006006006	4.785542558793395e-08
785.4550550550551	4.002425759497887e-08
786.2500500500502	3.292379109991175e-08
787.0450450450451	2.654419080630501e-08
787.8400400400401	2.087573636774504e-08
788.635035035035	1.590882131574235e-08
789.43003003003	1.1633951993592315e-08
790.2250250250252	8.041746496214508e-09
791.0200200200201	5.122933615997524e-09
791.8150150150151	2.8683517946558885e-09
792.61001001001	1.2689480811620626e-09
793.405005005005	3.157770957462994e-10
794.2	0.0
