0.0	0.0034758741332862582
0.794994994994995	0.003475856346188053
1.58998998998999	0.003475802985206895
2.384984984984985	0.0034757140512831756
3.17997997997998	0.003475589545984282
3.974974974974975	0.0034754294715046924
4.76996996996997	0.0034752338306661126
5.564964964964965	0.003475002626917656
6.35995995995996	0.00347473586433606
7.154954954954956	0.003474433547625931
7.94994994994995	0.0034740956821200514
8.744944944944944	0.0034737222737797045
9.53993993993994	0.0034733133291950454
10.334934934934935	0.0034728688555855144
11.12992992992993	0.0034723888608002825
11.924924924924925	0.003471873353318738
12.71991991991992	0.0034713223422510107
13.514914914914916	0.00347073583733854
14.309909909909912	0.003470113848954665
15.104904904904904	0.003469456388105272
15.8998998998999	0.003468763466429461
16.694894894894897	0.0034680350962002678
17.489889889889888	0.003467271290325401
18.284884884884885	0.003466472062348038
19.07987987987988	0.00346563742644764
19.874874874874877	0.0034647673974408113
20.66986986986987	0.0034638619907821928
21.464864864864865	0.0034629212225653913
22.25985985985986	0.003461945109523939
23.054854854854856	0.0034609336690322994
23.84984984984985	0.00345988691910689
24.644844844844847	0.003458804878407154
25.43983983983984	0.003457687566236663
26.234834834834835	0.0034565350025442397
27.029829829829833	0.003455347207925134
27.824824824824823	0.0034541242036222153
28.619819819819824	0.003452866011527202
29.414814814814815	0.0034515726541819282
30.20980980980981	0.003450244154779626
31.004804804804806	0.003448880537166255
31.7997997997998	0.0034474818258418537
32.594794794794794	0.0034460480459619224
33.389789789789795	0.0034445792233388276
34.18478478478478	0.0034430753844432484
34.979779779779776	0.0034415365564056427
35.77477477477478	0.0034399627670177384
36.56976976976977	0.0034383540447340574
37.364764764764764	0.0034367104186734635
38.15975975975976	0.003435031918620735
38.95475475475475	0.003433318575028161
39.74974974974975	0.00343157041901717
40.54474474474475	0.003429787482379972
41.33973973973974	0.0034279697975812297
42.134734734734735	0.0034261173977597524
42.92972972972973	0.003424230316730213
43.72472472472472	0.003422308588984876
44.51971971971972	0.003420352249695364
45.31471471471472	0.003418361334714432
46.10970970970971	0.0034163358805777565
46.904704704704706	0.003414275924505763
47.6996996996997	0.003412181504405451
48.494694694694694	0.00341005265887224
49.289689689689695	0.0034078894271918517
50.08468468468469	0.0034056918493421745
50.87967967967968	0.003403459965995175
51.67467467467468	0.003401193818518804
52.46966966966967	0.00339889344897892
53.26466466466467	0.0033965589001412363
54.059659659659665	0.0033941902154732612
54.85465465465466	0.003391787439146271
55.649649649649646	0.0033893506160372713
56.44464464464464	0.003386879791730987
57.23963963963965	0.003384375012521853
58.03463463463464	0.0033818363254160093
58.82962962962963	0.0033792637781333134
59.62462462462462	0.0033766574191093504
60.41961961961962	0.0033740172974974477
61.21461461461461	0.0033713434631707125
62.00960960960961	0.003368635966724042
62.804604604604606	0.0033658948594761694
63.5995995995996	0.003363120193471688
64.3945945945946	0.0033603120214830955
65.18958958958959	0.003357470397012816
65.9845845845846	0.00335459537429525
66.77957957957959	0.003351687008298799
67.57457457457458	0.003348745354727904
68.36956956956956	0.00334577047002507
69.16456456456456	0.0033427624113728975
69.95955955955955	0.0033397212366960993
70.75455455455456	0.003336647004663517
71.54954954954955	0.0033335397746901336
72.34454454454455	0.003330399606939074
73.13953953953954	0.003327226562323598
73.93453453453454	0.0033240207025090882
74.72952952952953	0.003320782089915019
75.52452452452452	0.003317510787716931
76.31951951951952	0.0033142068598483736
77.11451451451451	0.003310870371002849
77.9095095095095	0.003307501386635742
78.70450450450451	0.0033040999729662224
79.4994994994995	0.0033006661969791494
80.2944944944945	0.003297200126426947
81.0894894894895	0.0032937018298314713
81.88448448448449	0.0032901713764858466
82.67947947947948	0.0032866088364563
83.47447447447448	0.0032830142805839574
84.26946946946947	0.0032793877804866353
85.06446446446446	0.0032757294085605996
85.85945945945946	0.003272039237982303
86.65445445445445	0.0032683173427101057
87.44944944944945	0.0032645637974859612
88.24444444444444	0.0032607786778370853
89.03943943943943	0.0032569620600775935
89.83443443443444	0.0032531140213101105
90.62942942942944	0.003249234639427357
91.42442442442443	0.0032453239931137016
92.21941941941942	0.003241382161846684
93.01441441441442	0.0032374092258985097
93.80940940940941	0.003233405266337502
94.6044044044044	0.0032293703650295444
95.3993993993994	0.0032253046046394626
96.1943943943944	0.003221208068632384
96.98938938938939	0.0032170808412750685
97.7843843843844	0.003212923007637187
98.57937937937939	0.0032087346535925767
99.37437437437438	0.0032045158658204472
100.16936936936938	0.0032002667318065574
100.96436436436437	0.0031959873398443427
101.75935935935937	0.003191677779036008
102.55435435435436	0.003187338139293577
103.34934934934935	0.0031829685113398958
104.14434434434435	0.003178568986709601
104.93933933933934	0.0031741396577500297
105.73433433433432	0.0031696806176221
106.52932932932934	0.0031651919603011337
107.32432432432434	0.003160673780577637
108.11931931931933	0.0031561261740580323
108.91431431431432	0.0031515492371653425
109.70930930930932	0.003146943067139825
110.50430430430431	0.0031423077620395517
111.29929929929929	0.003137643420740945
112.09429429429429	0.0031329501429392605
112.88928928928928	0.0031282280291490086
113.68428428428427	0.0031234771807043325
114.4792792792793	0.0031186976997593326
115.27427427427429	0.0031138896892883208
116.06926926926928	0.003109053253086039
116.86426426426426	0.003104188495767811
117.65925925925926	0.003099295522769633
118.45425425425425	0.0030943744403482123
119.24924924924925	0.003089425355580953
120.04424424424424	0.0030844483763658643
120.83923923923923	0.0030794436114214277
121.63423423423423	0.00307441117028639
122.42922922922922	0.0030693511633195017
123.22422422422423	0.0030642637016991894
124.01921921921922	0.003059148897423169
124.81421421421422	0.0030540068633079912
125.60920920920921	0.0030488377129885254
126.4042042042042	0.003043641560917376
127.1991991991992	0.0030384185223642397
127.9941941941942	0.003033168713415182
128.7891891891892	0.003027892250971866
129.58418418418418	0.0030225892527507028
130.37917917917918	0.0030172598372819283
131.17417417417417	0.003011904123908624
131.9691691691692	0.0030065222327856655
132.76416416416419	0.0030011142848785912
133.55915915915918	0.0029956804019624144
134.35415415415417	0.002990220706620355
135.14914914914917	0.0029847353222425036
135.94414414414413	0.0029792243730244142
136.73913913913913	0.002973687983965622
137.53413413413412	0.00296812628086809
138.32912912912911	0.002962539390334584
139.1241241241241	0.0029569274397669696
139.9191191191191	0.0029512905573644364
140.71411411411412	0.0029456288721216527
141.50910910910912	0.0029399425138268323
142.3041041041041	0.0029342316130597425
143.0990990990991	0.0029284963011896236
143.8940940940941	0.002922736710373034
144.6890890890891	0.0029169529735516217
145.4840840840841	0.002911145224449823
146.27907907907908	0.0029053135975724695
147.07407407407408	0.0028994582282023313
147.86906906906907	0.0028935792523975762
148.66406406406406	0.0028876768069891513
149.45905905905906	0.0028817510295780827
150.25405405405405	0.002875802058532704
151.04904904904905	0.0028698300329857976
151.84404404404404	0.00286383509283166
152.63903903903903	0.0028578173787230875
153.43403403403403	0.0028517770320682827
154.22902902902902	0.002845714195027677
155.02402402402402	0.002839629010510678
155.819019019019	0.0028335216221723305
156.614014014014	0.002827392174409903
157.40900900900903	0.0028212408123593894
158.20400400400402	0.0028150676818919297
158.998998998999	0.0028088729296101506
159.793993993994	0.0028026567028444247
160.588988988989	0.0027964191496490497
161.383983983984	0.0027901604187983435
162.178978978979	0.002783880659782657
162.97397397397398	0.0027775800228043166
163.76896896896898	0.0027712586587734615
164.56396396396397	0.0027649167193038275
165.35895895895897	0.0027585543567084287
166.15395395395396	0.0027521717239951658
166.94894894894895	0.0027457689748623527
167.74394394394395	0.0027393462636941604
168.53893893893894	0.0027329037455559803
169.33393393393393	0.0027264415761897045
170.12892892892893	0.002719959912008925
170.92392392392392	0.002713458910094055
171.71891891891892	0.002706938728187366
172.51391391391394	0.0027003995246879433
173.3089089089089	0.0026938414586465645
174.10390390390393	0.0026872646897604926
174.8988988988989	0.0026806693783681937
175.69389389389391	0.0026740556854439688
176.48888888888888	0.0026674237725925107
177.2838838838839	0.0026607738020433805
178.07887887887887	0.0026541059366453974
178.87387387387386	0.0026474203398609624
179.66886886886888	0.002640717175760288
180.46386386386385	0.002633996609015565
181.25885885885887	0.0026272588048950308
182.05385385385384	0.002620503929256983
182.84884884884886	0.002613732148543694
183.64384384384383	0.0026069436297752645
184.43883883883885	0.002600138540543387
185.2338338338338	0.0025933170490050417
186.02882882882884	0.0025864793238761104
186.82382382382386	0.0025796255344249187
187.61881881881882	0.0025727558504657004
188.41381381381385	0.002565870442351983
189.2088088088088	0.0025589694809699096
190.0038038038038	0.002552053137731472
190.7987987987988	0.0025451215845676816
191.5937937937938	0.002538174993921665
192.3887887887888	0.002531213538741677
193.18378378378378	0.0025242373924740584
193.97877877877877	0.0025172467290561075
194.77377377377377	0.002510241722908884
195.5687687687688	0.00250322254892995
196.36376376376376	0.0024961893824860313
197.15875875875878	0.0024891423994056108
197.95375375375374	0.0024820817759714617
198.74874874874877	0.0024750076889130993
199.54374374374373	0.0024679203153991753
200.33873873873875	0.002460819833029801
201.13373373373372	0.002453706419828806
201.92872872872874	0.002446580254235926
202.7237237237237	0.0024394415150989376
203.51871871871873	0.0024322903816657083
204.31371371371372	0.0024251270335762104
205.10870870870872	0.0024179516508544474
205.9037037037037	0.0024107644139003265
206.6986986986987	0.0024035655034814825
207.4936936936937	0.0023963551007250153
208.2886886886887	0.002389133387109193
209.0836836836837	0.002381900544455079
209.87867867867868	0.0023746567549181104
210.67367367367368	0.0023674022009796103
211.46866866866864	0.0023601370654382546
212.26366366366366	0.002352861531401468
213.0586586586587	0.0023455757822767828
213.85365365365365	0.002338280001763128
214.64864864864867	0.002330974373842073
215.44364364364364	0.002323659082769016
216.23863863863866	0.0023163343130643242
217.03363363363363	0.0023090002495044174
217.82862862862865	0.0023016570771128087
218.62362362362362	0.002294304981151092
219.41861861861864	0.002286944147109879
220.2136136136136	0.002279574760699699
221.00860860860863	0.002272197007841839
221.80360360360362	0.0022648110746591506
222.59859859859858	0.002257417147466807
223.3935935935936	0.002250015412763014
224.18858858858857	0.002242606057219688
224.9835835835836	0.0022351892676730828
225.77857857857856	0.002227765231114381
226.57357357357358	0.002220334134680248
227.36856856856855	0.0022128961656433387
228.16356356356357	0.0022054515114027814
228.9585585585586	0.0021980003594746127
229.75355355355356	0.0021905428974821825
230.54854854854858	0.0021830793131465227
231.34354354354355	0.00217560979427669
232.13853853853857	0.002168134528760062
232.93353353353353	0.0021606537045526205
233.72852852852853	0.0021531675096691876
234.52352352352352	0.002145676132173647
235.31851851851852	0.002138179760169128
236.1135135135135	0.002130678581788168
236.9085085085085	0.002123172785182844
237.70350350350353	0.0021156625585148914
238.4984984984985	0.0021081480899457815
239.29349349349351	0.002100629567626793
240.08848848848848	0.0020931071796890543
240.8834834834835	0.0020855811142335657
241.67847847847847	0.002078051559321208
242.4734734734735	0.002070518702962724
243.26846846846846	0.0020629827331086954
244.06346346346348	0.0020554438376394948
244.85845845845844	0.002047902204355225
245.65345345345347	0.002040358020965648
246.44844844844846	0.0020328114750801014
247.24344344344345	0.002025262754197402
248.03843843843845	0.0020177120456957402
248.83343343343344	0.002010159536822566
249.62842842842844	0.002002605414684469
250.42342342342343	0.00199504986623705
251.21841841841842	0.001987493078274791
252.01341341341342	0.0019799352374209136
252.8084084084084	0.001972376530117245
253.6034034034034	0.0019648171426140753
254.3983983983984	0.001957257260960015
255.19339339339342	0.0019496970709918574
255.9883883883884	0.0019421367583244396
256.7833833833834	0.001934576508340506
257.5783783783784	0.0019270165061805802
258.3733733733734	0.0019194569367328347
259.16836836836836	0.001911897984622979
259.9633633633634	0.0019043398342041432
260.75835835835835	0.0018967826695467814
261.5533533533534	0.0018892266744285774
262.34834834834834	0.001881672032324362
263.14334334334336	0.0018741189263960533
263.9383383383384	0.0018665675394825966
264.73333333333335	0.0018590180540899296
265.52832832832837	0.0018514706523809557
266.32332332332334	0.0018439255161655467
267.11831831831836	0.0018363828268905462
267.9133133133133	0.0018288427656298117
268.70830830830835	0.0018213055130742635
269.5033033033033	0.0018137712495219617
270.29829829829833	0.0018062401548682057
271.0932932932933	0.0017987124085956584
271.88828828828827	0.0017911881897644925
272.6832832832833	0.0017836676770025695
273.47827827827825	0.001776151048495641
274.2732732732733	0.0017686384819775806
275.06826826826824	0.0017611301547206485
275.86326326326326	0.0017536262435257808
276.65825825825823	0.001746126924712924
277.45325325325325	0.0017386323741113829
278.2482482482482	0.0017311427670502243
279.04324324324324	0.0017236582783487023
279.8382382382382	0.001716179082306727
280.6332332332332	0.001708705352695366
281.42822822822825	0.0017012372627473924
282.2232232232232	0.0016937749851478664
283.01821821821824	0.0016863186920247598
283.8132132132132	0.001678868554939627
284.6082082082082	0.0016714247448783102
285.4032032032032	0.001663987432241703
286.1981981981982	0.0016565567868365436
286.9931931931932	0.0016491329778662673
287.7881881881882	0.0016417161739219026
288.5831831831832	0.0016343065429730115
289.3781781781782	0.0016269042523586875
290.1731731731732	0.0016195094687786002
290.9681681681682	0.0016121223582840896
291.7631631631632	0.0016047430862693183
292.55815815815816	0.001597371817462476
293.3531531531532	0.0015900087159170326
294.14814814814815	0.001582654005162597
294.9431431431432	0.0015753083130248407
295.73813813813814	0.001567971892459656
296.53313313313316	0.0015606448962550451
297.3281281281281	0.0015533274765834896
298.12312312312315	0.0015460197849925653
298.9181181181181	0.0015387219723956224
299.71311311311314	0.001531434189062532
300.5081081081081	0.0015241565846105109
301.3031031031031	0.0015168893079950093
302.0980980980981	0.0015096325075006649
302.8930930930931	0.0015023863307323513
303.6880880880881	0.0014951509246062715
304.48308308308305	0.0014879264353411504
305.27807807807807	0.0014807130084494868
306.0730730730731	0.001473510788728889
306.86806806806806	0.0014663199202534808
307.6630630630631	0.0014591405463653978
308.45805805805804	0.0014519728096663452
309.25305305305307	0.0014448168520092499
310.04804804804803	0.0014376728144899881
310.84304304304305	0.0014305408374391834
311.638038038038	0.001423421060414109
312.43303303303304	0.0014163136221906488
313.228028028028	0.00140921866075536
314.02302302302303	0.0014021363132976086
314.81801801801805	0.0013950667162017946
315.613013013013	0.0013880100050396593
316.40800800800804	0.0013809663145626881
317.203003003003	0.0013739357786945832
317.997997997998	0.0013669185305238433
318.792992992993	0.0013599147022964192
319.587987987988	0.0013529244254084566
320.382982982983	0.001345947830399141
321.177977977978	0.0013389850469436209
321.97297297297297	0.0013320362038460251
322.767967967968	0.001325101429032576
323.562962962963	0.0013181808495447908
324.357957957958	0.0013112745915327686
325.15295295295294	0.0013043827802485892
325.94794794794797	0.0012975055400397835
326.74294294294293	0.0012906429943429164
327.53793793793795	0.0012837952656772553
328.3329329329329	0.0012769624756385272
329.12792792792794	0.0012701447448927945
329.9229229229229	0.0012633421931703968
330.71791791791793	0.0012565549392600166
331.5129129129129	0.001249783101002823
332.3079079079079	0.0012430267952867244
333.1029029029029	0.0012362861380407096
333.8978978978979	0.0012295612442293018
334.69289289289287	0.0012228522278470897
335.4878878878879	0.0012161592019133824
336.28288288288286	0.001209482278466945
337.0778778778779	0.0012028215685608405
337.87287287287285	0.0011961771822573762
338.66786786786787	0.0011895492286231422
339.4628628628629	0.0011829378157241588
340.25785785785786	0.00117634305062112
341.0528528528529	0.0011697650393647388
341.84784784784785	0.0011632038869911945
342.64284284284287	0.0011566596975176875
343.43783783783783	0.0011501325739380855
344.2328328328328	0.0011436226182186817
345.0278278278279	0.0011371299312940503
345.82282282282284	0.0011306546130630082
346.6178178178178	0.0011241967623846739
347.4128128128128	0.0011177564770746382
348.20780780780785	0.00111133385390123
349.0028028028028	0.001104928988581893
349.7977977977978	0.0010985419757796576
350.5927927927928	0.001092172909099723
351.38778778778783	0.0010858218810861414
352.1827827827828	0.0010794889832186044
352.97777777777776	0.0010731743059093355
353.7727727727728	0.0010668779385000847
354.5677677677678	0.0010605999692592308
355.36276276276277	0.001054340485378979
356.15775775775774	0.0010480995729726732
356.95275275275276	0.0010418773170722067
357.7477477477477	0.0010356738016255383
358.54274274274275	0.00102948910949431
359.33773773773777	0.0010233233224515707
360.13273273273273	0.0010171765211796071
360.9277277277277	0.0010110487852678684
361.7227227227227	0.0010049401932110083
362.51771771771774	0.0009988508224070185
363.3127127127127	0.0009927807491554744
364.1077077077077	0.0009867300486558772
364.90270270270275	0.0009806987950061027
365.6976976976977	0.0009746870612009586
366.4926926926927	0.0009686949191308312
367.28768768768765	0.0009627224395804507
368.08268268268273	0.0009567696922277425
368.8776776776777	0.0009508367456427992
369.67267267267266	0.0009449236672869374
370.4676676676676	0.0009390305235118674
371.2626626626627	0.0009331573795589615
372.05765765765767	0.0009273042995586237
372.85265265265264	0.0009214713465297574
373.6476476476477	0.0009156585823793386
374.4426426426427	0.0009098660679020905
375.23763763763765	0.0009040938627802504
376.0326326326326	0.0008983420255834466
376.8276276276277	0.0008926106137686668
377.62262262262266	0.0008868996836803312
378.4176176176176	0.0008812092905504604
379.2126126126126	0.0008755394884989451
380.0076076076076	0.000869890330533912
380.80260260260263	0.0008642618685521895
381.5975975975976	0.0008586541533398662
382.3925925925926	0.00085306723457295
383.1875875875876	0.0008475011608181273
383.9825825825826	0.0008419559795336084
384.7775775775776	0.0008364317370700778
385.5725725725726	0.0008309284786717324
386.36756756756756	0.0008254462484774234
387.1625625625626	0.0008199850895218802
387.95755755755755	0.0008145450437370406
388.7525525525526	0.0008091261519534654
389.54754754754754	0.00080372845390185
390.3425425425425	0.0007983519882146235
391.1375375375376	0.0007929967924276458
391.93253253253255	0.0007876629029819934
392.7275275275275	0.0007823503552258327
393.5225225225225	0.0007770591834163863
394.31751751751756	0.0007717894207219863
395.1125125125125	0.0007665410992242227
395.9075075075075	0.0007613142499201699
396.70250250250245	0.0007561089027247086
397.49749749749753	0.0007509250864729328
398.2924924924925	0.0007457628289226436
399.08748748748746	0.0007406221567569231
399.88248248248254	0.0007355030955868025
400.6774774774775	0.0007304056699540099
401.4724724724725	0.0007253299033337997
402.26746746746744	0.0007202758181378716
403.0624624624625	0.000715243435717361
403.8574574574575	0.0007102327763659289
404.65245245245245	0.0007052438593229103
405.4474474474474	0.0007002767027765646
406.2424424424425	0.00069533132386739
407.03743743743746	0.0006904077386915277
407.8324324324324	0.0006855059623042325
408.62742742742745	0.0006806260087234343
409.42242242242247	0.000675767890933368
410.21741741741744	0.0006709316208882804
411.0124124124124	0.000666117209516214
411.8074074074074	0.0006613246667228635
412.6024024024024	0.0006565540013955098
413.3973973973974	0.000651805221407022
414.1923923923924	0.0006470783336199349
414.9873873873874	0.0006423733438905971
415.78238238238237	0.0006376902570733906
416.5773773773774	0.0006330290770250176
417.3723723723724	0.0006283898066088574
418.1673673673674	0.0006237724476993971
418.96236236236234	0.0006191770011867195
419.75735735735736	0.0006146034669810659
420.5523523523524	0.0006100518440174609
421.34734734734735	0.0006055221302604037
422.1423423423423	0.0006010143227086217
422.9373373373373	0.0005965284173998915
423.73233233233236	0.0005920644094159157
424.5273273273273	0.000587622292887269
425.3223223223223	0.0005832020609983987
426.1173173173174	0.0005788037059926876
426.91231231231234	0.0005744272191775796
427.7073073073073	0.0005700725909297554
428.50230230230227	0.0005657398107003737
429.29729729729735	0.0005614288670203622
430.0922922922923	0.0005571397475057718
430.8872872872873	0.000552872438863176
431.68228228228224	0.0005486269268951338
432.4772772772773	0.0005444031965056975
433.2722722722723	0.0005402012317059807
434.06726726726725	0.0005360210156197674
434.8622622622623	0.0005318625304891811
435.6572572572573	0.0005277257576803989
436.45225225225226	0.0005236106776894139
437.24724724724723	0.0005195172701478462
438.04224224224225	0.0005154455138287992
438.8372372372373	0.0005113953866527669
439.63223223223224	0.0005073668656935775
440.4272272272272	0.0005033599271843897
441.22222222222223	0.0004993745465237267
442.01721721721725	0.0004954106982815552
442.8122122122122	0.000491468356205404
443.60720720720724	0.00048754749322652333
444.4022022022022	0.000483648081466087
445.19719719719717	0.0004797700922414279
445.9921921921922	0.0004759134960723157
446.7871871871872	0.00047207826268726817
447.5821821821822	0.000468264361029902
448.37717717717715	0.00046447175926531457
449.17217217217217	0.000460700424786504
449.9671671671672	0.00045695032422081916
450.76216216216216	0.00045322142343644456
451.5571571571571	0.00044951368754891403
452.3521521521522	0.0004458270809276571
453.14714714714717	0.00044216156720257554
453.94214214214213	0.00043851710927064606
454.7371371371371	0.0004348936693025531
455.5321321321322	0.00043129120874934684
456.32712712712714	0.00042770968834913075
457.1221221221221	0.000424149068133768
457.9171171171172	0.0004206093074356199
458.71211211211215	0.0004170903648943015
459.5071071071071	0.0004135921984634635
460.3021021021021	0.00041011476541759275
461.09709709709716	0.0004066580223588356
461.8920920920921	0.0004032219252238425
462.6870870870871	0.00039980642929062773
463.48208208208206	0.00039641148918544963
464.27707707707714	0.00039303705888970745
465.0720720720721	0.0003896830917468564
465.86706706706707	0.0003863495404693342
466.6620620620621	0.00038303635714550643
467.45705705705706	0.00037974349324662436
468.2520520520521	0.0003764708996337932
469.04704704704704	0.0003732185265649561
469.84204204204207	0.0003699863237018869
470.63703703703703	0.00036677424011719565
471.43203203203205	0.0003635822243013401
472.227027027027	0.0003604102241696496
473.02202202202204	0.0003572581870693538
473.817017017017	0.00035412605978662136
474.61201201201203	0.0003510137885536011
475.40700700700705	0.000347921319055473
476.202002002002	0.0003448485964375008
476.996996996997	0.000341795565312088
477.79199199199195	0.0003387621697658384
478.58698698698703	0.00033574835336661827
479.381981981982	0.00033275405917062065
480.17697697697696	0.00032977922972942785
480.9719719719719	0.0003268238070970767
481.766966966967	0.00032388773283711903
482.56196196196197	0.0003209709480296857
483.35695695695694	0.0003180733932785418
484.151951951952	0.0003151950087181439
484.946946946947	0.00031233573402069016
485.74194194194195	0.00030949550840316637
486.5369369369369	0.00030667427063438567
487.331931931932	0.00030387195904202336
488.12692692692696	0.00030108851151964416
488.9219219219219	0.0002983238655337204
489.7169169169169	0.0002955779581306432
490.51191191191197	0.0002928507259437221
491.30690690690693	0.0002901421052001799
492.1019019019019	0.0002874520317281283
492.8968968968969	0.0002847804409635409
493.69189189189194	0.0002821272679572084
494.4868868868869	0.0002794924473816834
495.2818818818819	0.0002768759135382096
496.0768768768769	0.00027427760036363973
496.8718718718719	0.0002716974414373374
497.6668668668669	0.0002691353699880617
498.46186186186185	0.00026659131890083857
499.25685685685687	0.00026406522072381223
500.05185185185184	0.00026155700767508294
500.84684684684686	0.00025906661164952255
501.6418418418419	0.0002565939642255739
502.43683683683685	0.00025413899667203136
503.2318318318318	0.00025170163995479885
504.02682682682683	0.00024928182474362833
504.82182182182186	0.00024687948141883815
505.6168168168168	0.00024449454007800987
506.4118118118118	0.00024212693054265953
507.2068068068068	0.00023977658236489
508.00180180180183	0.00023744342483401586
508.7967967967968	0.00023512738698316861
509.59179179179176	0.0002328283975958724
510.38678678678684	0.00023054638521259846
511.1817817817818	0.00022828127813729184
511.9767767767768	0.00022603300444387227
512.7717717717718	0.00022380149198270713
513.5667667667668	0.00022158666838705893
514.3617617617617	0.0002193884610795045
515.1567567567567	0.00021720679727832374
515.9517517517518	0.00021504160400386257
516.7467467467468	0.00021289280808486316
517.5417417417417	0.00021076033616476822
518.3367367367367	0.0002086441147079903
519.1317317317317	0.00020654407000615503
519.9267267267268	0.00020446012818430928
520.7217217217217	0.00020239221520709926
521.5167167167167	0.00020034025688491674
522.3117117117117	0.0001983041788800109
523.1067067067067	0.00019628390671257016
523.9017017017017	0.00019427936576676716
524.6966966966967	0.00019229048129677188
525.4916916916917	0.0001903171784327293
526.2866866866867	0.00018835938218670424
527.0816816816816	0.00018641701745858804
527.8766766766768	0.0001844900090419729
528.6716716716717	0.00018257828162998826
529.4666666666667	0.00018068175982110163
530.2616616616616	0.00017880036812488226
531.0566566566567	0.00017693403096772874
531.8516516516517	0.00017508267269855944
532.6466466466467	0.00017324621759446353
533.4416416416416	0.0001714245898663159
534.2366366366367	0.00016961771366435217
535.0316316316316	0.00016782551308370755
535.8266266266266	0.00016604791216991255
536.6216216216217	0.0001642848349243547
537.4166166166167	0.00016253620530969632
538.2116116116116	0.00016080194725525464
539.0066066066066	0.0001590819846623408
539.8016016016016	0.0001573762414095597
540.5965965965967	0.00015568464135806833
541.3915915915916	0.00015400710835679305
542.1865865865866	0.00015234356624760627
542.9815815815816	0.00015069393887046063
543.7765765765765	0.0001490581500684843
544.5715715715716	0.00014743612369303005
545.3665665665666	0.00014582778360868677
546.1615615615616	0.0001442330536982456
546.9565565565565	0.00014265185786762488
547.7515515515515	0.0001410841200507519
548.5465465465466	0.0001395297642144019
549.3415415415416	0.00013798871436299513
550.1365365365365	0.0001364608945433485
550.9315315315315	0.00013494622884938567
551.7265265265265	0.00013344464142680184
552.5215215215215	0.0001319560564776878
553.3165165165165	0.00013048039826510607
554.1115115115116	0.00012901759111762662
554.9065065065065	0.00012756755943381642
555.7015015015015	0.0001261302276866855
556.4964964964964	0.00012470552042808777
557.2914914914916	0.0001232933622930786
558.0864864864865	0.00012189367800422754
558.8814814814815	0.0001205063923758852
559.6764764764764	0.00011913143031840661
560.4714714714715	0.00011776871684232877
561.2664664664665	0.00011641817706250465
562.0614614614615	0.00011507973620219018
562.8564564564565	0.00011375331959708787
563.6514514514515	0.00011243885269934482
564.4464464464464	0.00011113626108150464
565.2414414414415	0.00010984547044041533
566.0364364364365	0.00010856640660109115
566.8314314314315	0.00010729899552053014
567.6264264264264	0.00010604316329148468
568.4214214214214	0.00010479883614618798
569.2164164164165	0.00010356594046003543
570.0114114114115	0.00010234440275521893
570.8064064064064	0.00010113414970431746
571.6014014014014	9.993510813384207e-05
572.3963963963964	9.874720502773488e-05
573.1913913913914	9.757036753082286e-05
573.9863863863864	9.640452295222663e-05
574.7813813813814	9.524959876872363e-05
575.5763763763764	9.410552262806702e-05
576.3713713713713	9.29722223522576e-05
577.1663663663664	9.184962594077178e-05
577.9613613613614	9.073766157374505e-05
578.7563563563564	8.963625761510779e-05
579.5513513513513	8.854534261567962e-05
580.3463463463464	8.74648453162161e-05
581.1413413413413	8.639469465041183e-05
581.9363363363364	8.533481974785829e-05
582.7313313313313	8.42851499369568e-05
583.5263263263264	8.324561474778811e-05
584.3213213213213	8.221614391493607e-05
585.1163163163163	8.119666738026741e-05
585.9113113113114	8.018711529566738e-05
586.7063063063064	7.9187418025731e-05
587.5013013013013	7.819750615041047e-05
588.2962962962963	7.721731046761767e-05
589.0912912912913	7.624676199578476e-05
589.8862862862863	7.528579197637911e-05
590.6812812812813	7.433433187637581e-05
591.4762762762763	7.339231339068605e-05
592.2712712712713	7.24596684445424e-05
593.0662662662663	7.153632919584196e-05
593.8612612612612	7.06222280374446e-05
594.6562562562563	6.971729759942989e-05
595.4512512512513	6.882147075131107e-05
596.2462462462463	6.79346806042051e-05
597.0412412412412	6.705686051296313e-05
597.8362362362362	6.6187944078256e-05
598.6312312312313	6.532786514861947e-05
599.4262262262263	6.447655782245696e-05
600.2212212212212	6.363395645000022e-05
601.0162162162162	6.27999956352299e-05
601.8112112112112	6.197461023775372e-05
602.6062062062063	6.115773537464358e-05
603.4012012012013	6.034930642223238e-05
604.1961961961962	5.9549259017869966e-05
604.9911911911912	5.875752906163832e-05
605.7861861861862	5.7974052718026434e-05
606.5811811811813	5.7198766417566154e-05
607.3761761761762	5.643160685842675e-05
608.1711711711712	5.5672511007971e-05
608.9661661661661	5.492141610427128e-05
609.7611611611612	5.417825965758608e-05
610.5561561561561	5.344297945179937e-05
611.3511511511512	5.271551354581902e-05
612.1461461461462	5.1995800274938134e-05
612.9411411411412	5.1283778252157756e-05
613.7361361361361	5.0579386369471205e-05
614.5311311311311	4.988256379911172e-05
615.3261261261262	4.91932499947613e-05
616.1211211211212	4.851138469272311e-05
616.9161161161161	4.783690791305669e-05
617.7111111111111	4.7169759960675615e-05
618.5061061061061	4.650988142641041e-05
619.3011011011012	4.585721318803351e-05
620.0960960960961	4.521169641124867e-05
620.8910910910911	4.457327255064516e-05
621.6860860860861	4.3941883350615946e-05
622.4810810810811	4.331747084624088e-05
623.276076076076	4.269997736413442e-05
624.0710710710711	4.208934552325977e-05
624.8660660660661	4.1485518235707616e-05
625.6610610610611	4.0888438707441034e-05
626.456056056056	4.0298050439006615e-05
627.251051051051	3.971429722621153e-05
628.0460460460461	3.913712316076837e-05
628.8410410410411	3.8566472630905715e-05
629.6360360360361	3.800229032194653e-05
630.431031031031	3.744452121685437e-05
631.226026026026	3.689311059674622e-05
632.021021021021	3.634800404137521e-05
632.8160160160161	3.5809147429580075e-05
633.611011011011	3.5276486939704256e-05
634.406006006006	3.474996904998338e-05
635.201001001001	3.42295405389022e-05
635.995995995996	3.371514848552128e-05
636.790990990991	3.320674026977322e-05
637.585985985986	3.2704263572728846e-05
638.380980980981	3.220766637683415e-05
639.175975975976	3.171689696611779e-05
639.9709709709709	3.123190392636952e-05
640.765965965966	3.0752636145289616e-05
641.560960960961	3.027904281261068e-05
642.355955955956	2.981107342019061e-05
643.1509509509509	2.934867776207774e-05
643.9459459459459	2.889180593454897e-05
644.740940940941	2.844040833611978e-05
645.535935935936	2.7994435667528634e-05
646.3309309309309	2.755383893169319e-05
647.125925925926	2.7118569433641343e-05
647.9209209209209	2.6688578780415738e-05
648.715915915916	2.626381888095217e-05
649.5109109109109	2.5844241945933562e-05
650.3059059059059	2.542980048761767e-05
651.1009009009009	2.5020447319640707e-05
651.8958958958959	2.461613555679604e-05
652.6908908908908	2.42168186147884e-05
653.4858858858859	2.3822450209964964e-05
654.2808808808809	2.3432984359021952e-05
655.0758758758759	2.3048375378688132e-05
655.8708708708709	2.2668577885385375e-05
656.6658658658658	2.229354679486631e-05
657.4608608608609	2.1923237321829553e-05
658.2558558558559	2.1557604979512552e-05
659.0508508508509	2.1196605579263146e-05
659.8458458458458	2.0840195230088816e-05
660.6408408408408	2.0488330338185077e-05
661.4358358358359	2.014096760644286e-05
662.2308308308309	1.9798064033934828e-05
663.0258258258258	1.9459576915381923e-05
663.8208208208208	1.912546384059923e-05
664.6158158158158	1.8795682693922314e-05
665.4108108108109	1.847019165361401e-05
666.2058058058058	1.8148949191251622e-05
667.0008008008008	1.783191407109592e-05
667.7957957957958	1.7519045349440748e-05
668.5907907907908	1.721030237394462e-05
669.3857857857857	1.6905644782944283e-05
670.1807807807809	1.6605032504749937e-05
670.9757757757758	1.6308425756924213e-05
671.7707707707708	1.6015785045542108e-05
672.5657657657657	1.572707116443571e-05
673.3607607607609	1.5442245194421203e-05
674.1557557557558	1.516126850250989e-05
674.9507507507508	1.4884102741103075e-05
675.7457457457457	1.461070984717089e-05
676.5407407407408	1.4341052041416109e-05
677.3357357357357	1.4075091827422275e-05
678.1307307307308	1.3812791990786827e-05
678.9257257257258	1.3554115598239791e-05
679.7207207207208	1.329902599674774e-05
680.5157157157157	1.3047486812603896e-05
681.3107107107107	1.2799461950504051e-05
682.1057057057058	1.2554915592609016e-05
682.9007007007007	1.2313812197593711e-05
683.6956956956957	1.2076116499682911e-05
684.4906906906907	1.1841793507674665e-05
685.2856856856857	1.1610808503950693e-05
686.0806806806806	1.1383127043474664e-05
686.8756756756757	1.1158714952778377e-05
687.6706706706707	1.0937538328936094e-05
688.4656656656656	1.071956353852784e-05
689.2606606606606	1.050475721659033e-05
690.0556556556558	1.0293086265558193e-05
690.8506506506507	1.008451785419355e-05
691.6456456456457	9.879019416505072e-06
692.4406406406407	9.676558650657627e-06
693.2356356356356	9.477103517870637e-06
694.0306306306306	9.280622241307715e-06
694.8256256256255	9.08708330495633e-06
695.6206206206206	8.896455452497937e-06
696.4156156156157	8.70870768616986e-06
697.2106106106106	8.523809265617277e-06
698.0056056056056	8.341729706737538e-06
698.8006006006007	8.162438780515733e-06
699.5955955955956	7.985906511852172e-06
700.3905905905906	7.812103178382046e-06
701.1855855855856	7.640999309287342e-06
701.9805805805805	7.472565684101709e-06
702.7755755755757	7.306773331507396e-06
703.5705705705706	7.14359352812606e-06
704.3655655655656	6.982997797302245e-06
705.1605605605606	6.824957907880446e-06
705.9555555555555	6.669445872976235e-06
706.7505505505505	6.516433948740541e-06
707.5455455455456	6.3658946331189e-06
708.3405405405405	6.217800664604477e-06
709.1355355355356	6.072125020985625e-06
709.9305305305306	5.928840918088743e-06
710.7255255255255	5.787921808515295e-06
711.5205205205206	5.64934138037466e-06
712.3155155155155	5.513073556012032e-06
713.1105105105105	5.379092490731786e-06
713.9055055055055	5.247372571517091e-06
714.7005005005004	5.117888415744769e-06
715.4954954954954	4.99061486989692e-06
716.2904904904906	4.865527008268636e-06
717.0854854854855	4.742600131672235e-06
717.8804804804805	4.621809766138276e-06
718.6754754754755	4.503131661613412e-06
719.4704704704704	4.386541790655636e-06
720.2654654654655	4.272016347126192e-06
721.0604604604606	4.159531744879678e-06
721.8554554554554	4.049064616451272e-06
722.6504504504505	3.9405918117418485e-06
723.4454454454454	3.834090396701452e-06
724.2404404404405	3.7295376520102904e-06
725.0354354354355	3.626911071758708e-06
725.8304304304304	3.5261883621252636e-06
726.6254254254254	3.427347440053463e-06
727.4204204204204	3.33036643192772e-06
728.2154154154154	3.235223672247728e-06
729.0104104104105	3.1418977023024664e-06
729.8054054054055	3.050367268843296e-06
730.6004004004004	2.9606113227565676e-06
731.3953953953954	2.872609017735822e-06
732.1903903903903	2.7863397089537925e-06
732.9853853853854	2.701782951734357e-06
733.7803803803804	2.6189185002245444e-06
734.5753753753753	2.5377263060667057e-06
735.3703703703704	2.458186517071122e-06
736.1653653653655	2.380279475889033e-06
736.9603603603604	2.303985718686515e-06
737.7553553553554	2.2292859738187597e-06
738.5503503503504	2.156161160505719e-06
739.3453453453453	2.0845923875084984e-06
740.1403403403403	2.01456095180696e-06
740.9353353353353	1.9460483372789085e-06
741.7303303303304	1.8790362133802758e-06
742.5253253253254	1.8135064338273261e-06
743.3203203203203	1.749441035280285e-06
744.1153153153153	1.6868222360287816e-06
744.9103103103104	1.6256324346794941e-06
745.7053053053053	1.5658542088454704e-06
746.5003003003003	1.507470313837942e-06
747.2952952952954	1.4504636813602793e-06
748.0902902902902	1.3948174182043734e-06
748.8852852852854	1.340514804949535e-06
749.6802802802803	1.287539294664017e-06
750.4752752752753	1.2358745116092872e-06
751.2702702702703	1.1855042499471215e-06
752.0652652652652	1.1364124724496332e-06
752.8602602602602	1.088583309212347e-06
753.6552552552554	1.0420010563704003e-06
754.4502502502502	9.966501748180907e-07
755.2452452452453	9.525152889315427e-07
756.0402402402403	9.095811852950586e-07
756.8352352352352	8.678328114308284e-07
757.6302302302303	8.272552745322605e-07
758.4252252252252	7.8783384020118e-07
759.2202202202202	7.495539311885583e-07
760.0152152152152	7.124011261393785e-07
760.8102102102101	6.763611583413071e-07
761.6052052052053	6.414199144774251e-07
762.4002002002003	6.075634333832078e-07
763.1951951951952	5.747779048075177e-07
763.9901901901902	5.430496681780428e-07
764.7851851851852	5.123652113710228e-07
765.5801801801802	4.827111694854145e-07
766.3751751751752	4.5407432362156427e-07
767.1701701701701	4.264415996644533e-07
767.9651651651652	3.9980006707160785e-07
768.7601601601602	3.741369376657006e-07
769.5551551551551	3.494395644319376e-07
770.3501501501502	3.2569544032028194e-07
771.1451451451452	3.028921970525827e-07
771.9401401401401	2.810176039347152e-07
772.7351351351351	2.600595666736409e-07
773.5301301301303	2.400061261996842e-07
774.3251251251252	2.2084545749385333e-07
775.1201201201202	2.0256586842037598e-07
775.9151151151151	1.8515579856454844e-07
776.7101101101101	1.6860381807577037e-07
777.5051051051051	1.528986265160514e-07
778.3001001001	1.380290517138424e-07
779.0950950950951	1.2398404862332686e-07
779.8900900900902	1.1075269818925903e-07
780.685085085085	9.832420621725974e-08
781.4800800800801	8.668790224976988e-08
782.2750750750752	7.583323844759191e-08
783.0700700700701	6.574978847710805e-08
783.8650650650651	5.6427246403203716e-08
784.66006006006	4.7855425587934205e-08
785.455055055055	4.002425759497999e-08
786.2500500500502	3.292379109991133e-08
787.045045045045	2.6544190806305416e-08
787.8400400400401	2.0875736367746368e-08
788.6350350350351	1.5908821315741602e-08
789.43003003003	1.1633951993591979e-08
790.225025025025	8.04174649621536e-09
791.0200200200201	5.122933615997636e-09
791.815015015015	2.868351794656174e-09
792.61001001001	1.2689480811619563e-09
793.4050050050049	3.1577709574644536e-10
794.2	0.0
